com.fincatto.documentofiscal.nfe310.classes.nota.NFNotaInfoItemImpostoIPITest#naoDevePermitirCodigoEnquadramentoTamanhoInvalido,
com.fincatto.documentofiscal.nfe310.classes.nota.NFNotaInfoItemImpostoPISAliquotaTest#naoDevePermitrPercentualAliquotaNulo,
com.fincatto.documentofiscal.nfe310.classes.nota.NFNotaInfoItemDetalheExportacaoTest#naoDevePermitirNumeroAtoConcessorioDrawbackComTamanhoInvalido,
com.fincatto.documentofiscal.nfe310.classes.nota.NFInfoModelo1Por1AReferenciadaTest#naoDevePermitirCNPJComTamanhoInvalido,
com.fincatto.documentofiscal.nfe310.classes.nota.NFNotaInfoItemImpostoIPITest#naoDevePermitirClasseEnquadramentoTamanhoInvalido,
com.fincatto.documentofiscal.nfe310.classes.nota.NFNotaInfoItemDetalheExportacaoTest#deveObterNumeroAtoConcessorioDrawbackComoFoiSetado,
com.fincatto.documentofiscal.nfe310.classes.nota.NFNotaInfoItemIndicadorIncentivoFiscalTest#deveObterStringficadoCorretamente,
com.fincatto.documentofiscal.nfe310.classes.nota.NFNotaInfoItemIndicadorIncentivoFiscalTest#deveRepresentarOCodigoCorretamente,
com.fincatto.documentofiscal.nfe310.classes.nota.NFInfoModelo1Por1AReferenciadaTest#naoDevePermitirNumeroDocumentoFiscalComTamanhoInvalido,
com.fincatto.documentofiscal.nfe310.classes.nota.NFInfoModelo1Por1AReferenciadaTest#naoDevePermitirSerieComTamanhoInvalido,
com.fincatto.documentofiscal.nfe310.classes.nota.NFInfoModelo1Por1AReferenciadaTest#naoDevePermitirModeloDocumentoFiscalComTamanhoInvalido,
com.fincatto.documentofiscal.nfe310.classes.nota.NFNotaInfoItemIndicadorIncentivoFiscalTest#deveObterTipoApartirDoSeuCodigo,
com.fincatto.documentofiscal.nfe310.classes.nota.NFNotaInfoItemImpostoIPITest#naoDevePermitirCodigoSeloTamanhoInvalido,
com.fincatto.documentofiscal.nfe310.classes.nota.NFNotaInfoItemImpostoIPITest#naoDevePermitirQuantidadeSeloTamanhoInvalido,
com.fincatto.documentofiscal.nfe310.classes.nota.NFNotaInfoICMSTotalTest#naoDevePermitirValorTotalIPIInvalidoMonetario,
com.fincatto.documentofiscal.nfe310.classes.nota.NFNotaInfoItemImpostoPISAliquotaTest#naoDevePermitrValorTributoNulo,
com.fincatto.documentofiscal.nfe310.classes.nota.NFNotaInfoICMSTotalTest#naoDevePermitirValorTotalNFeInvalidoMonetario,
com.fincatto.documentofiscal.nfe310.classes.nota.NFNotaInfoItemImpostoIPITest#naoDevePermitirSetarNaoTributadoCasoTributadoEstejaSetado,
com.fincatto.documentofiscal.nfe310.classes.nota.NFNotaInfoItemImpostoPISAliquotaTest#naoDevePermitirQuantidadeVendidaComTamanhoInvalido,
com.fincatto.documentofiscal.nfe310.classes.nota.NFNotaInfoICMSTotalTest#naoDevePermitirValorTotalICMSSTInvalidoMonetario,
com.fincatto.documentofiscal.nfe310.classes.nota.NFNotaInfoItemDetalheExportacaoTest#deveObterExportacaoIndiretaComoFoiSetado,
com.fincatto.documentofiscal.nfe310.classes.nota.NFNotaInfoItemImpostoIPITest#naoDevePermitirCodigoEnquadramentoNulo,
com.fincatto.documentofiscal.nfe310.classes.nota.NFNotaInfoItemImpostoPISAliquotaTest#naoDevePermitirValorlTributoComTamanhoInvalido,
com.fincatto.documentofiscal.nfe310.classes.nota.NFNotaInfoItemImpostoPISAliquotaTest#naoDevePermitirValorlAliquotaComTamanhoInvalido,
com.fincatto.documentofiscal.nfe310.classes.nota.NFNotaInfoItemImpostoPISAliquotaTest#naoDevePermitrValorBaseCalculoNulo,
com.fincatto.documentofiscal.nfe310.classes.nota.NFNotaInfoItemImpostoIPITest#naoDevePermitirSetarTributadoCasoNaoTributadoEstejaSetado,
com.fincatto.documentofiscal.nfe310.classes.nota.NFNotaInfoItemImpostoIPITest#devePermitirClasseEnquadramentoNulo,
com.fincatto.documentofiscal.nfe310.classes.nota.NFInfoModelo1Por1AReferenciadaTest#naoDevePermitirCnpjNulo,
com.fincatto.documentofiscal.nfe310.classes.nota.NFNotaInfoItemDetalheExportacaoTest#devePermitirNumeroAtoConcessorioDrawbackNulo,
com.fincatto.documentofiscal.nfe310.classes.nota.NFInfoModelo1Por1AReferenciadaTest#naoDevePermitirSerieNulo,
com.fincatto.documentofiscal.nfe310.classes.nota.NFNotaInfoItemImpostoPISAliquotaTest#naoDevePermitrSituacaoTributariaNulo,
com.fincatto.documentofiscal.nfe310.classes.nota.NFNotaInfoItemImpostoIPITest#deveGerarXMLDeAcordoComOPadraoEstabelecido,
com.fincatto.documentofiscal.nfe310.classes.nota.NFNotaInfoItemImpostoPISAliquotaTest#deveGerarXMLDeAcordoComOPadraoEstabelecido,
com.fincatto.documentofiscal.nfe310.classes.nota.NFNotaInfoItemDetalheExportacaoTest#devePermitirExportacaoIndiretaNulo,
com.fincatto.documentofiscal.nfe310.classes.nota.NFInfoModelo1Por1AReferenciadaTest#naoDevePermitirUfNulo,
com.fincatto.documentofiscal.nfe310.classes.nota.NFNotaInfoICMSTotalTest#naoDevePermitirTotalDescontoNulo,
com.fincatto.documentofiscal.nfe310.classes.nota.NFInfoModelo1Por1AReferenciadaTest#naoDevePermitirAnoMesEmissaoNFeNulo,
com.fincatto.documentofiscal.nfe310.classes.nota.NFInfoModelo1Por1AReferenciadaTest#devePermitirNumeroDocumentoFiscalNulo,
com.fincatto.documentofiscal.nfe310.classes.nota.NFNotaInfoItemDetalheExportacaoTest#deveGerarXMLDeAcordoComOPadraoEstabelecido,
com.fincatto.documentofiscal.nfe310.classes.nota.NFNotaInfoICMSTotalTest#naoDevePermitirICMSSTNulo,
com.fincatto.documentofiscal.nfe310.classes.nota.NFNotaInfoItemImpostoIPITest#devePermitirCodigoSeloNulo,
com.fincatto.documentofiscal.nfe310.classes.nota.NFNotaInfoItemImpostoIPITest#devePermitirQuantidadeSeloNulo,
com.fincatto.documentofiscal.nfe310.classes.nota.NFNotaInfoICMSTotalTest#naoDevePermitrValorTotalDosProdutosServicosNulo,
com.fincatto.documentofiscal.nfe310.classes.nota.NFNotaInfoItemImpostoIPITest#devePermitirCnojProdutorNulo,
com.fincatto.documentofiscal.nfe310.classes.nota.NFNotaInfoICMSTotalTest#naoDevePermitirValorNulo,
com.fincatto.documentofiscal.nfe310.classes.nota.NFInfoModelo1Por1AReferenciadaTest#naoDevePermitirModeloDocumentoFiscalNulo,
com.fincatto.documentofiscal.nfe310.classes.nota.NFInfoModelo1Por1AReferenciadaTest#deveGerarXMLDeAcordoComOPadraoEstabelecido,
com.fincatto.documentofiscal.nfe310.classes.nota.NFNotaInfoItemImpostoIPITest#devePermitirNaoTributadoNulo,
com.fincatto.documentofiscal.nfe310.classes.nota.NFNotaInfoItemImpostoIPITest#devePermitirTributadoNulo,
com.fincatto.documentofiscal.nfe310.classes.nota.NFNotaInfoICMSTotalTest#naoDevePermitirOutrasDespesasAcessoriasNulo,
com.fincatto.documentofiscal.nfe310.classes.nota.NFNotaInfoICMSTotalTest#naoDevePermitirValorTotalICMSInvalidoMonetario,
com.fincatto.documentofiscal.nfe310.classes.nota.NFNotaInfoICMSTotalTest#naoDevePermitirValorTotalTributosInvalido,
com.fincatto.documentofiscal.nfe310.classes.nota.NFNotaInfoICMSTotalTest#naoDevePermitirValorCOFINSInvalidoMonetario,
com.fincatto.documentofiscal.nfe310.classes.nota.NFNotaInfoICMSTotalTest#naoDevePermitirValorTotalSeguroInvalidoMonetario,
com.fincatto.documentofiscal.nfe310.classes.nota.NFNotaInfoICMSTotalTest#naoDevePermitirOutrasDespesasAcessoriasInvalidoMonetario,
com.fincatto.documentofiscal.nfe310.classes.nota.NFNotaInfoICMSTotalTest#naoDevePermitirValorTotalDescontoInvalidoMonetario,
com.fincatto.documentofiscal.nfe310.classes.nota.NFNotaInfoICMSTotalTest#naoDevePermitirValorPISInvalidoMonetario,
com.fincatto.documentofiscal.nfe310.classes.nota.NFNotaInfoICMSTotalTest#naoDevePermitirValorTotalDosProdutosServicosInvalidoMonetario,
com.fincatto.documentofiscal.nfe310.classes.nota.NFNotaInfoICMSTotalTest#naoDevePermitirValorTotalFreteInvalidoMonetario,
com.fincatto.documentofiscal.nfe310.classes.nota.NFNotaInfoICMSTotalTest#naoDevePermitirBaseCalculoICMSInvalidoMonetario,
com.fincatto.documentofiscal.nfe310.classes.nota.NFNotaInfoICMSTotalTest#naoDevePermitirValorTotalIIInvalidoMonetario,
com.fincatto.documentofiscal.nfe310.classes.nota.NFNotaInfoICMSTotalTest#naoDevePermitirValorInvalidoMonetario,
com.fincatto.documentofiscal.nfe310.classes.nota.NFNotaInfoICMSTotalTest#naoDevePermitirFreteNulo,
com.fincatto.documentofiscal.nfe310.classes.nota.NFNotaInfoICMSTotalTest#naoDevePermitirCOFINSNulo,
com.fincatto.documentofiscal.nfe310.classes.nota.NFNotaInfoICMSTotalTest#deveGerarXMLDeAcordoComOPadraoEstabelecido,
com.fincatto.documentofiscal.nfe310.classes.nota.NFNotaInfoItemImpostoICMS30Test#naoDevePermitirPercentualReducaoBCICMSSTComTamanhoInvalido,
com.fincatto.documentofiscal.nfe310.classes.nota.NFNotaInfoItemImpostoICMS30Test#naoDevePermitirPercentualMargemValorAdicionadoICMSSTComTamanhoInvalido,
com.fincatto.documentofiscal.nfe310.classes.nota.NFNotaInfoICMSTotalTest#devePermitirICMSFundoCombatePobrezaNulo,
com.fincatto.documentofiscal.nfe310.classes.nota.NFNotaInfoICMSTotalTest#devePermitirICMSPartilhaDestinatarioNulo,
com.fincatto.documentofiscal.nfe310.classes.nota.NFNotaInfoICMSTotalTest#devePermitirICMSPartilhaRemententeNulo,
com.fincatto.documentofiscal.nfe310.classes.nota.NFNotaInfoICMSTotalTest#naoDevePermitirValorTotalIPINulo,
com.fincatto.documentofiscal.nfe310.classes.nota.NFNotaInfoItemImpostoICMS30Test#naoDevePermitirPercentualAliquotaImpostoICMSSTComTamanhoInvalido,
com.fincatto.documentofiscal.nfe310.classes.nota.NFNotaInfoICMSTotalTest#naoDevePermitirValorTotalNFeNulo,
com.fincatto.documentofiscal.nfe310.classes.nota.NFNotaInfoICMSTotalTest#naoDevePermitirValorTotalIINulo,
com.fincatto.documentofiscal.nfe310.classes.nota.NFNotaInfoICMSTotalTest#naoDevePermitirValorTotalSeguroNulo,
com.fincatto.documentofiscal.nfe310.classes.nota.NFNotaInfoItemImpostoICMS30Test#naoDevePermitirValorImpostoICMSSTComTamanhoInvalido,
com.fincatto.documentofiscal.nfe310.classes.nota.NFNotaInfoItemImpostoPISOutrasOperacoesTest#naoDevePermitirValorlAliquotaComTamanhoInvalido,
com.fincatto.documentofiscal.nfe310.classes.nota.NFNotaInfoICMSTotalTest#devePermitirValorTotalTributosNulo,
com.fincatto.documentofiscal.nfe310.classes.nota.NFVerificaChaveTest#verificaChave,
com.fincatto.documentofiscal.nfe310.classes.nota.NFNotaInfoICMSTotalTest#naoDevePermitirBaseCalculoICMSNulo,
com.fincatto.documentofiscal.nfe310.classes.nota.NFNotaInfoItemImpostoPISOutrasOperacoesTest#naoDevePermitirValorlTributoComTamanhoInvalido,
com.fincatto.documentofiscal.nfe310.classes.nota.NFNotaInfoItemImpostoPISOutrasOperacoesTest#naoDevePermitirSetarQuantidadeVendidaCasoPercentualAliquotaOuValorBaseCalculoEstejaSetado,
com.fincatto.documentofiscal.nfe310.classes.nota.NFNotaInfoICMSTotalTest#naoDevePermitirTotalPISNulo,
com.fincatto.documentofiscal.nfe310.classes.nota.NFNotaInfoItemImpostoPISOutrasOperacoesTest#naoDevePermitirValorBaseCalculoComTamanhoInvalido,
com.fincatto.documentofiscal.nfe310.classes.nota.NFNotaInfoICMSTotalTest#naoDevePermitirICMSNulo,
com.fincatto.documentofiscal.nfe310.classes.nota.NFNotaInfoItemImpostoICMS30Test#naoDevePermitirValorBCICMSSTComTamanhoInvalido,
com.fincatto.documentofiscal.nfe310.classes.nota.NFNotaInfoItemImpostoPISOutrasOperacoesTest#naoDevePermitirPercentualAliquotaComTamanhoInvalido,
com.fincatto.documentofiscal.nfe310.classes.nota.NFNotaInfoItemImpostoPISOutrasOperacoesTest#naoDevePermitirSetarPercentualAliquotaCasoValorAliquotaOuQuantidadeVendidaEstejaSetado,
com.fincatto.documentofiscal.nfe310.classes.nota.NFNotaInfoItemImpostoPISOutrasOperacoesTest#naoDevePermitirSetarValorBaseCalculoCasoValorAliquotaOuQuantidadeVendidaEstejaSetado,
com.fincatto.documentofiscal.nfe310.classes.nota.NFNotaInfoItemImpostoPISOutrasOperacoesTest#naoDevePermitirSetarValorAliquotaCasoPercentualAliquotaOuValorBaseCalculoEstejaSetado,
com.fincatto.documentofiscal.nfe310.classes.nota.NFNotaInfoItemProdutoMedicamentoTest#naoDevePermitirPrecoMaximoConsumidorComTamanhoInvalido,
com.fincatto.documentofiscal.nfe310.classes.nota.NFNotaInfoItemImpostoPISOutrasOperacoesTest#naoDevePermitirQuantidadeVendidaComTamanhoInvalido,
com.fincatto.documentofiscal.nfe310.classes.nota.NFNotaInfoICMSTotalTest#devePermitirValorICMSDesoneradoNulo,
com.fincatto.documentofiscal.nfe310.classes.nota.NFNotaInfoItemImpostoICMS30Test#devePermitirPercentualReducaoBCICMSSTNulo,
com.fincatto.documentofiscal.nfe310.classes.nota.NFNotaInfoItemProdutoMedicamentoTest#naoDevePermitirQuantidadeComTamanhoInvalido,
com.fincatto.documentofiscal.nfe310.classes.nota.NFNotaInfoItemImpostoICMS30Test#naoDevePermitirSituacaoTributariaNulo,
com.fincatto.documentofiscal.nfe310.classes.nota.NFNotaInfoItemImpostoICMS30Test#devePermitirPercentualMargemValorAdicionadoICMSSTNulo,
com.fincatto.documentofiscal.nfe310.classes.nota.NFNotaInfoItemImpostoICMS30Test#naoDevePermitirValorImpostoICMSSTNulo,
com.fincatto.documentofiscal.nfe310.classes.nota.NFNotaInfoItemImpostoICMS30Test#naoDevePermitirModalidadeDeterminacaoBCNulo,
com.fincatto.documentofiscal.nfe310.classes.nota.NFNotaInfoItemImpostoICMS30Test#deveGerarXMLDeAcordoComOPadraoEstabelecido,
com.fincatto.documentofiscal.nfe310.classes.nota.NFNotaInfoItemImpostoICMS30Test#naoDevePermitirPercentualAliquotaImpostoICMSSTNulo,
com.fincatto.documentofiscal.nfe310.classes.nota.NFNotaInfoItemImpostoPISOutrasOperacoesTest#deveGerarXMLDeAcordoComOPadraoEstabelecidoBCAliquotaPercentual,
com.fincatto.documentofiscal.nfe310.classes.nota.NFNotaInfoItemImpostoICMS30Test#devePermitirValorICMSDesoneracaoNulo,
com.fincatto.documentofiscal.nfe310.classes.nota.NFNotaInfoItemImpostoICMS30Test#naoDevePermitirOrigemNulo,
com.fincatto.documentofiscal.nfe310.classes.nota.NFNotaInfoItemImpostoICMS30Test#naoDevePermitirValorBCICMSSTNulo,
com.fincatto.documentofiscal.nfe310.classes.nota.NFNotaInfoItemImpostoICMS30Test#devePermitirDesoneracaoNulo,
com.fincatto.documentofiscal.nfe310.classes.nota.NFNotaInfoItemImpostoPISOutrasOperacoesTest#naoDevePermitirSituacaoTributariaNulo,
com.fincatto.documentofiscal.nfe310.classes.nota.NFNotaInfoItemProdutoMedicamentoTest#naoDevePermitirLoteComTamanhoInvalido,
com.fincatto.documentofiscal.nfe310.classes.nota.NFNotaInfoItemImpostoPISOutrasOperacoesTest#deveGerarXMLDeAcordoComOPadraoEstabelecidoQuantidadeVendaAliquota,
com.fincatto.documentofiscal.nfe310.classes.nota.NFNotaInfoReboqueTest#naoDevePermitirPlacaVeiculoInvalido,
com.fincatto.documentofiscal.nfe310.classes.nota.NFInfoProdutorRuralReferenciadaTest#naoDevePermitirCNPJSetadoQuandoCPFEstaSetado,
com.fincatto.documentofiscal.nfe310.classes.nota.NFNotaInfoItemProdutoMedicamentoTest#naoDevePermitirDataValidadeNulo,
com.fincatto.documentofiscal.nfe310.classes.nota.NFInfoProdutorRuralReferenciadaTest#naoDevePermitirCNPJComTamanhoInvalido,
com.fincatto.documentofiscal.nfe310.classes.nota.NFNotaInfoItemProdutoMedicamentoTest#naoDevePermitirQuantidadeNulo,
com.fincatto.documentofiscal.nfe310.classes.nota.NFNotaInfoItemProdutoMedicamentoTest#deveGerarXMLDeAcordoComOPadraoEstabelecido,
com.fincatto.documentofiscal.nfe310.classes.nota.NFNotaInfoItemProdutoMedicamentoTest#naoDevePermitirLoteNulo,
com.fincatto.documentofiscal.nfe310.classes.nota.NFInfoProdutorRuralReferenciadaTest#naoDevePermitirSerieDocumentoFiscalComTamanhoInvalido,
com.fincatto.documentofiscal.nfe310.classes.nota.NFInfoProdutorRuralReferenciadaTest#naoDevePermitirModeloDocumentoFiscalComTamanhoInvalido,
com.fincatto.documentofiscal.nfe310.classes.nota.NFInfoProdutorRuralReferenciadaTest#naoDevePermitirCPFComTamanhoInvalido,
com.fincatto.documentofiscal.nfe310.classes.nota.NFNotaInfoItemProdutoMedicamentoTest#naoDevePermitirPrecoMaximoConsumidorNulo,
com.fincatto.documentofiscal.nfe310.classes.nota.NFInfoProdutorRuralReferenciadaTest#naoDevePermitirCPFSetadoQuandoCNPJEstaSetado,
com.fincatto.documentofiscal.nfe310.classes.nota.NFInfoProdutorRuralReferenciadaTest#naoDevePermitirNumeroDocumentoFiscalComTamanhoInvalido,
com.fincatto.documentofiscal.nfe310.classes.nota.NFNotaInfoItemImpostoCOFINSQuantidadeTest#naoDevePermitirQuantidadeVendidoNulo,
com.fincatto.documentofiscal.nfe310.classes.nota.NFNotaInfoItemImpostoCOFINSQuantidadeTest#naoDevePermitirValorTributoNulo,
com.fincatto.documentofiscal.nfe310.classes.nota.NFNotaInfoTotalTest#naoDevePermitirICMSTotalNulo,
com.fincatto.documentofiscal.nfe310.classes.nota.NFNotaInfoTotalTest#devePermitirISSQNTotalNulo,
com.fincatto.documentofiscal.nfe310.classes.nota.NFNotaInfoItemProdutoMedicamentoTest#naoDevePermitirDataFabricacaoNulo,
com.fincatto.documentofiscal.nfe310.classes.nota.NFNotaInfoTotalTest#devePermitirRetencoesTributosNulo,
com.fincatto.documentofiscal.nfe310.classes.nota.NFNotaInfoReboqueTest#devePermitirRegistroNacionaltransportadorCargaNulo,
com.fincatto.documentofiscal.nfe310.classes.nota.NFNotaInfoItemImpostoCOFINSQuantidadeTest#naoDevePermitirValorAliquotaNulo,
com.fincatto.documentofiscal.nfe310.classes.nota.NFNotaInfoReboqueTest#deveGerarXMLDeAcordoComOPadraoEstabelecidoComVagao,
com.fincatto.documentofiscal.nfe310.classes.nota.NFNotaInfoItemProdutoCombustivelCIDETest#deveObterValorAliquotaComoFoiSetado,
com.fincatto.documentofiscal.nfe310.classes.nota.NFNotaInfoReboqueTest#naoDevePermitirPlacaNulo,
com.fincatto.documentofiscal.nfe310.classes.nota.NFNotaInfoItemProdutoCombustivelCIDETest#naoDevePermitirValorAliquotaComTamanhoInvalido,
com.fincatto.documentofiscal.nfe310.classes.nota.NFInfoProdutorRuralReferenciadaTest#devePermitirCpfEmitenteNulo,
com.fincatto.documentofiscal.nfe310.classes.nota.NFNotaInfoItemProdutoCombustivelCIDETest#deveObterQuantidadeBCCIDEComoFoiSetado,
com.fincatto.documentofiscal.nfe310.classes.nota.NFNotaInfoReboqueTest#deveGerarXMLDeAcordoComOPadraoEstabelecidoComRNTC,
com.fincatto.documentofiscal.nfe310.classes.nota.NFNotaInfoReboqueTest#naoDevePermitirUFNulo,
com.fincatto.documentofiscal.nfe310.classes.nota.NFNotaInfoItemProdutoCombustivelCIDETest#deveObterValorComoFoiSetado,
com.fincatto.documentofiscal.nfe310.classes.nota.NFNotaInfoTotalTest#deveGerarXMLDeAcordoComOPadraoEstabelecido,
com.fincatto.documentofiscal.nfe310.classes.nota.NFNotaInfoItemProdutoCombustivelCIDETest#naoDevePermitirValorQuantidadeBCCIDEComTamanhoInvalido,
com.fincatto.documentofiscal.nfe310.classes.nota.NFInfoProdutorRuralReferenciadaTest#naoDevePermitirNumeroDocumentoFiscalNulo,
com.fincatto.documentofiscal.nfe310.classes.nota.NFInfoProdutorRuralReferenciadaTest#naoDevePermitirSerieDocumentoFiscalNulo,
com.fincatto.documentofiscal.nfe310.classes.nota.NFInfoProdutorRuralReferenciadaTest#naoDevePermitirModeloDocumentoFiscalNulo,
com.fincatto.documentofiscal.nfe310.classes.nota.NFInfoProdutorRuralReferenciadaTest#deveGerarXMLDeAcordoComOPadraoEstabelecido,
com.fincatto.documentofiscal.nfe310.classes.nota.NFInfoProdutorRuralReferenciadaTest#naoDevePermitirIeEmitenteNulo,
com.fincatto.documentofiscal.nfe310.classes.nota.NFNotaInfoItemProdutoVeiculoTest#naoDevePermitirPotenciaComTamanhoInvalido,
com.fincatto.documentofiscal.nfe310.classes.nota.NFNotaInfoItemProdutoCombustivelCIDETest#naoDevePermitirValorComTamanhoInvalido,
com.fincatto.documentofiscal.nfe310.classes.nota.NFNotaInfoItemProdutoVeiculoTest#naoDevePermitirAnoFabricacaoComTamanhoInvalido,
com.fincatto.documentofiscal.nfe310.classes.nota.NFInfoProdutorRuralReferenciadaTest#naoDevePermitirUfEmitenteNulo,
com.fincatto.documentofiscal.nfe310.classes.nota.NFInfoProdutorRuralReferenciadaTest#devePermitirCnpjEmitenteNulo,
com.fincatto.documentofiscal.nfe310.classes.nota.NFInfoProdutorRuralReferenciadaTest#naoDevePermitirAnoMesEmissaoReferenciadaNulo,
com.fincatto.documentofiscal.nfe310.classes.nota.NFNotaInfoItemProdutoVeiculoTest#naoDevePermitirNumeroMotorComTamanhoInvalido,
com.fincatto.documentofiscal.nfe310.classes.nota.NFNotaInfoItemProdutoVeiculoTest#naoDevePermitirCilindradaComTamanhoInvalido,
com.fincatto.documentofiscal.nfe310.classes.nota.NFNotaInfoItemProdutoVeiculoTest#naoDevePermitirDistanciaEntreEixosComTamanhoInvalido,
com.fincatto.documentofiscal.nfe310.classes.nota.NFNotaInfoItemProdutoVeiculoTest#naoDevePermitirCapacidadeMaximaTracaoComTamanhoInvalido,
com.fincatto.documentofiscal.nfe310.classes.nota.NFNotaInfoItemProdutoCombustivelCIDETest#naoDevePermitirValorNulo,
com.fincatto.documentofiscal.nfe310.classes.nota.NFNotaInfoItemImpostoCOFINSQuantidadeTest#deveGerarXMLDeAcordoComOPadraoEstabelecido,
com.fincatto.documentofiscal.nfe310.classes.nota.NFNotaInfoItemProdutoCombustivelCIDETest#deveGerarXMLDeAcordoComOPadraoEstabelecido,
com.fincatto.documentofiscal.nfe310.classes.nota.NFNotaInfoItemProdutoVeiculoTest#naoDevePermitirTipoPenturaComTamanhoInvalido,
com.fincatto.documentofiscal.nfe310.classes.nota.NFNotaInfoItemProdutoCombustivelCIDETest#naoDevePermitirQuantidadeBCCIDENulo,
com.fincatto.documentofiscal.nfe310.classes.nota.NFNotaInfoItemProdutoCombustivelCIDETest#naoDevePermitirValorAliquotaNulo,
com.fincatto.documentofiscal.nfe310.classes.nota.NFNotaInfoItemProdutoVeiculoTest#naoDevePermitirChassiComTamanhoInvalido,
com.fincatto.documentofiscal.nfe310.classes.nota.NFNotaInfoItemProdutoVeiculoTest#naoDevePermitirLotacaoComTamanhoInvalido,
com.fincatto.documentofiscal.nfe310.classes.nota.NFNotaInfoItemProdutoVeiculoTest#naoDevePermitirPesoLiquidoNulo,
com.fincatto.documentofiscal.nfe310.classes.nota.NFNotaInfoItemProdutoVeiculoTest#naoDevePermitirCodigoCorNulo,
com.fincatto.documentofiscal.nfe310.classes.nota.NFNotaInfoItemProdutoVeiculoTest#naoDevePermitirNumeroSerieComTamanhoInvalido,
com.fincatto.documentofiscal.nfe310.classes.nota.NFNotaInfoItemProdutoVeiculoTest#naoDevePermitirCondicaoNulo,
com.fincatto.documentofiscal.nfe310.classes.nota.NFNotaInfoItemProdutoVeiculoTest#naoDevePermitirAnoModeloFabricacaoComTamanhoInvalido,
com.fincatto.documentofiscal.nfe310.classes.nota.NFNotaInfoItemProdutoVeiculoTest#naoDevePermitirCodigoMarcaModeloComTamanhoInvalido,
com.fincatto.documentofiscal.nfe310.classes.nota.NFNotaInfoItemProdutoVeiculoTest#naoDevePermitirCodigoCorComTamanhoInvalido,
com.fincatto.documentofiscal.nfe310.classes.nota.NFNotaInfoItemProdutoVeiculoTest#naoDevePermitirDistanciaEntreEixosNulo,
com.fincatto.documentofiscal.nfe310.classes.nota.NFNotaInfoItemProdutoVeiculoTest#naoDevePermitirCodigoMarcaModeloNulo,
com.fincatto.documentofiscal.nfe310.classes.nota.NFNotaInfoItemProdutoVeiculoTest#naoDevePermitirDescricaoCorComTamanhoInvalido,
com.fincatto.documentofiscal.nfe310.classes.nota.NFNotaInfoItemProdutoVeiculoTest#naoDevePermitirPesoBrutoComTamanhoInvalido,
com.fincatto.documentofiscal.nfe310.classes.nota.NFNotaInfoItemProdutoVeiculoTest#naoDevePermitirAnoFabricacaoNulo,
com.fincatto.documentofiscal.nfe310.classes.nota.NFNotaInfoItemProdutoVeiculoTest#naoDevePermitirEspecieVeiculoNulo,
com.fincatto.documentofiscal.nfe310.classes.nota.NFNotaInfoItemProdutoVeiculoTest#naoDevePermitirDescricaoCorNulo,
com.fincatto.documentofiscal.nfe310.classes.nota.NFNotaInfoItemProdutoVeiculoTest#naoDevePermitirPesoLiquidoComTamanhoInvalido,
com.fincatto.documentofiscal.nfe310.classes.nota.NFNotaInfoItemProdutoVeiculoTest#naoDevePermitirCodigoCorDENATRANNulo,
com.fincatto.documentofiscal.nfe310.classes.nota.NFNotaInfoItemProdutoVeiculoTest#naoDevePermitirCondicaoChassiNulo,
com.fincatto.documentofiscal.nfe310.classes.nota.NFNotaInfoItemImpostoICMS10Test#naoDevePermitirPercentualReducaoBCICMSSTComTamanhoInvalido,
com.fincatto.documentofiscal.nfe310.classes.nota.NFNotaInfoItemImpostoICMS10Test#naoDevePermitirPercentualAliquotaComTamanhoInvalido,
com.fincatto.documentofiscal.nfe310.classes.nota.NFNotaInfoItemImpostoICMS10Test#naoDevePermitirValorICMSSTComTamanhoInvalido,
com.fincatto.documentofiscal.nfe310.classes.nota.NFNotaInfoItemImpostoICMS10Test#naoDevePermitirValorBaseCalculoComTamanhoInvalido,
com.fincatto.documentofiscal.nfe310.classes.nota.NFNotaInfoItemImpostoICMS10Test#naoDevePermitirBCICMSSTTributoComTamanhoInvalido,
com.fincatto.documentofiscal.nfe310.classes.nota.NFNotaInfoItemImpostoICMS10Test#naoDevePermitirValorTributoComTamanhoInvalido,
com.fincatto.documentofiscal.nfe310.classes.nota.NFNotaInfoItemProdutoVeiculoTest#naoDevePermitirNumeroSerieNulo,
com.fincatto.documentofiscal.nfe310.classes.nota.NFNotaInfoItemProdutoVeiculoTest#naoDevePermitirRestricaoNulo,
com.fincatto.documentofiscal.nfe310.classes.nota.NFNotaInfoItemImpostoICMS10Test#naoDevePermitirPercentualAliquotaImpostoICMSSTComTamanhoInvalido,
com.fincatto.documentofiscal.nfe310.classes.nota.NFNotaInfoItemProdutoVeiculoTest#naoDevePermitirPesoBrutoNulo,
com.fincatto.documentofiscal.nfe310.classes.nota.NFNotaInfoItemProdutoVeiculoTest#naoDevePermitirCapacidadeMaximaTracaoNulo,
com.fincatto.documentofiscal.nfe310.classes.nota.NFNotaInfoItemProdutoVeiculoTest#naoDevePermitirNumeroMotorNulo,
com.fincatto.documentofiscal.nfe310.classes.nota.NFNotaInfoItemProdutoVeiculoTest#naoDevePermitirTipoVeiculoNulo,
com.fincatto.documentofiscal.nfe310.classes.nota.NFNotaInfoItemProdutoVeiculoTest#naoDevePermitirTipoOperacaoNulo,
com.fincatto.documentofiscal.nfe310.classes.nota.NFNotaInfoItemProdutoVeiculoTest#naoDevePermitirTipoPinturaNulo,
com.fincatto.documentofiscal.nfe310.classes.nota.NFNotaInfoItemProdutoVeiculoTest#naoDevePermitirPotenciaNulo,
com.fincatto.documentofiscal.nfe310.classes.nota.NFNotaInfoItemProdutoVeiculoTest#naoDevePermitirLotacaoNulo,
com.fincatto.documentofiscal.nfe310.classes.nota.NFNotaInfoItemProdutoVeiculoTest#naoDevePermitirChassiNulo,
com.fincatto.documentofiscal.nfe310.classes.nota.NFNotaInfoItemProdutoVeiculoTest#naoDevePermitirTipoCombustivelNulo,
com.fincatto.documentofiscal.nfe310.classes.nota.NFNotaInfoItemProdutoVeiculoTest#deveGerarXMLDeAcordoComOPadraoEstabelecido,
com.fincatto.documentofiscal.nfe310.classes.nota.NFNotaInfoRegimeEspecialTributacaoTest#deveObterTipoApartirDoSeuCodigo,
com.fincatto.documentofiscal.nfe310.classes.nota.NFNotaInfoItemImpostoICMS10Test#naoDevePermitirPercentualMargemValorICMSSTComTamanhoInvalido,
com.fincatto.documentofiscal.nfe310.classes.nota.NFNotaInfoRegimeEspecialTributacaoTest#deveRepresentarOCodigoCorretamente,
com.fincatto.documentofiscal.nfe310.classes.nota.NFNotaInfoItemProdutoVeiculoTest#naoDevePermitirCilindradaNulo,
com.fincatto.documentofiscal.nfe310.classes.nota.NFNotaInfoItemProdutoVeiculoTest#naoDevePermitirAnoModeloFabricacaoNulo,
com.fincatto.documentofiscal.nfe310.classes.nota.NFNotaInfoItemImpostoICMS10Test#devePermitirPercentualReducaoBCICMSSTNulo,
com.fincatto.documentofiscal.nfe310.classes.nota.NFNotaInfoRegimeEspecialTributacaoTest#deveObterStringficadoCorretamente,
com.fincatto.documentofiscal.nfe310.classes.nota.NFNotaInfoItemImpostoICMS10Test#naoDevePermitirValorICMSSTNulo,
com.fincatto.documentofiscal.nfe310.classes.nota.NFNotaInfoItemImpostoICMS51Test#naoDevePermitirValorBCICMSComTamanhoDiferente,
com.fincatto.documentofiscal.nfe310.classes.nota.NFNotaInfoItemImpostoICMS51Test#naoDevePermitirPercentualReducaoBCComTamanhoDiferente,
com.fincatto.documentofiscal.nfe310.classes.nota.NFNotaInfoItemImpostoICMS51Test#naoDevePermitirValorICMSComTamanhoDiferente,
com.fincatto.documentofiscal.nfe310.classes.nota.NFNotaInfoItemImpostoICMS10Test#naoDevePermitirValorBaseCalculoNulo,
com.fincatto.documentofiscal.nfe310.classes.nota.NFNotaInfoItemImpostoICMS51Test#naoDevePermitirPercentualICMSComTamanhoDiferente,
com.fincatto.documentofiscal.nfe310.classes.nota.NFNotaInfoItemImpostoICMS10Test#naoDevePermitirValorTributoNulo,
com.fincatto.documentofiscal.nfe310.classes.nota.NFNotaInfoExportacaoTest#naoDevePermitirLocalEmbarqueProdutosComTamanhoNaoPermitido,
com.fincatto.documentofiscal.nfe310.classes.nota.NFNotaInfoItemImpostoICMS10Test#naoDevePermitirModalidadeDeterminacaoBCICMSNulo,
com.fincatto.documentofiscal.nfe310.classes.nota.NFNotaInfoItemImpostoICMS10Test#naoDevePermitirSituacaoTributariaNulo,
com.fincatto.documentofiscal.nfe310.classes.nota.NFNotaInfoItemImpostoICMS10Test#naoDevePermitirValorBCICMSSTNulo,
com.fincatto.documentofiscal.nfe310.classes.nota.NFNotaInfoItemImpostoICMS10Test#deveGerarXMLDeAcordoComOPadraoEstabelecido,
com.fincatto.documentofiscal.nfe310.classes.nota.NFNotaInfoItemImpostoICMS10Test#devePermitirPercentualMargemValorICMSSTNulo,
com.fincatto.documentofiscal.nfe310.classes.nota.NFNotaInfoItemImpostoICMS10Test#naoDevePermitirPercentualAliquotaNulo,
com.fincatto.documentofiscal.nfe310.classes.nota.NFNotaInfoItemImpostoICMS10Test#naoDevePermitirModalidadeBaseCalculoNulo,
com.fincatto.documentofiscal.nfe310.classes.nota.NFNotaInfoItemImpostoICMS10Test#naoDevePermitirPercentualAliquotaImpostoICMSSTNulo,
com.fincatto.documentofiscal.nfe310.classes.nota.NFNotaInfoItemImpostoICMS10Test#naoDevePermitirOrigemNulo,
com.fincatto.documentofiscal.nfe310.classes.nota.NFNotaInfoItemImpostoPISQuantidadeTest#naoDevePermitrValorTributoNulo,
com.fincatto.documentofiscal.nfe310.classes.nota.NFNotaInfoItemImpostoPISQuantidadeTest#naoDevePermitrQuantidadeVendidaNulo,
com.fincatto.documentofiscal.nfe310.classes.nota.NFNotaInfoItemImpostoPISQuantidadeTest#naoDevePermitirValorlTributoComTamanhoInvalido,
com.fincatto.documentofiscal.nfe310.classes.nota.NFNotaInfoItemImpostoPISQuantidadeTest#naoDevePermitrValorAliquotaNulo,
com.fincatto.documentofiscal.nfe310.classes.nota.NFNotaInfoItemImpostoPISQuantidadeTest#naoDevePermitirValorlAliquotaComTamanhoInvalido,
com.fincatto.documentofiscal.nfe310.classes.nota.NFNotaInfoItemImpostoICMS51Test#devePermitirPercentualICMSBCNulo,
com.fincatto.documentofiscal.nfe310.classes.nota.NFNotaInfoItemImpostoICMS51Test#devePermitirPercentualReducaoBCNulo,
com.fincatto.documentofiscal.nfe310.classes.nota.NFNotaInfoItemImpostoICMS51Test#naoDevePermitirSituacaoTributariaNulo,
com.fincatto.documentofiscal.nfe310.classes.nota.NFInfoCupomFiscalReferenciadoTest#naoDevePermitirModeloDocumentoFiscalComTamanhoInvalido,
com.fincatto.documentofiscal.nfe310.classes.nota.NFInfoCupomFiscalReferenciadoTest#naoDevePermitirNumeroContadorOrdemOperacaoComTamanhoInvalido,
com.fincatto.documentofiscal.nfe310.classes.nota.NFNotaInfoItemImpostoICMS51Test#naoDevePermitirModalidadeBCNulo,
com.fincatto.documentofiscal.nfe310.classes.nota.NFNotaInfoItemImpostoPISQuantidadeTest#naoDevePermitirQuantidadeVendidaComTamanhoInvalido,
com.fincatto.documentofiscal.nfe310.classes.nota.NFNotaInfoItemImpostoICMS51Test#devePermitirValorBCICMSNulo,
com.fincatto.documentofiscal.nfe310.classes.nota.NFNotaInfoItemImpostoICMS51Test#naoDevePermitirValorICMSOperacaoNulo,
com.fincatto.documentofiscal.nfe310.classes.nota.NFInfoCupomFiscalReferenciadoTest#naoDevePermitirNumeroOrdemSequencialECFComTamanhoInvalido,
com.fincatto.documentofiscal.nfe310.classes.nota.NFNotaInfoCartaoTest#naoDevePermitirCNPJComTamanhoInvalido,
com.fincatto.documentofiscal.nfe310.classes.nota.NFNotaInfoItemImpostoICMS51Test#naoDevePermitirPercentualDiferimentoNulo,
com.fincatto.documentofiscal.nfe310.classes.nota.NFNotaInfoCartaoTest#naoDevePermitirNumeroAutorizacaoOperacaoCartaoComTamanhoInvalido,
com.fincatto.documentofiscal.nfe310.classes.nota.NFNotaInfoExportacaoTest#naoDeveGerarXMLLocalEmbarqueProdutosNulo,
com.fincatto.documentofiscal.nfe310.classes.nota.NFNotaInfoItemImpostoICMS51Test#naoDevePermitirOrigemNulo,
com.fincatto.documentofiscal.nfe310.classes.nota.NFNotaInfoExportacaoTest#naoDeveGerarXMLUfEmbarqueProdutoNulo,
com.fincatto.documentofiscal.nfe310.classes.nota.NFNotaInfoItemImpostoICMS51Test#naoDevePermitirValorICMSDiferimentoNulo,
com.fincatto.documentofiscal.nfe310.classes.nota.NFNotaInfoItemImpostoICMS51Test#devePermitirValorICMSNulo,
com.fincatto.documentofiscal.nfe310.classes.nota.NFNotaInfoItemImpostoICMS51Test#deveGerarXMLDeAcordoComOPadraoEstabelecido,
com.fincatto.documentofiscal.nfe310.classes.nota.NFNotaInfoExportacaoTest#deveGerarXMLDeAcordoComOPadraoEstabelecido,
com.fincatto.documentofiscal.nfe310.classes.nota.NFNotaInfoInformacoesAdicionaisTest#devePermitirObservacoesContribuinteComTamanhoValido,
com.fincatto.documentofiscal.nfe310.classes.nota.NFNotaInfoInformacoesAdicionaisTest#devePermitirObservacoesFiscoTamanhoValido,
com.fincatto.documentofiscal.nfe310.classes.nota.NFNotaInfoInformacoesAdicionaisTest#naoDevePermitirInformacoesAdicionaisInteresseTamanhoInvalido,
com.fincatto.documentofiscal.nfe310.classes.nota.NFNotaInfoInformacoesAdicionaisTest#devePermitirProcessosReferencidosComTamanhoInvalido,
com.fincatto.documentofiscal.nfe310.classes.nota.NFNotaInfoInformacoesAdicionaisTest#noaDevePermitirObservacoesContribuinteTamanhoInvalido,
com.fincatto.documentofiscal.nfe310.classes.nota.NFNotaInfoItemImpostoPISQuantidadeTest#naoDevePermitrSituacaoTributariaNulo,
com.fincatto.documentofiscal.nfe310.classes.nota.NFInfoCupomFiscalReferenciadoTest#naoDevePermitirModeloDocumentoFiscalNulo,
com.fincatto.documentofiscal.nfe310.classes.nota.NFInfoCupomFiscalReferenciadoTest#naoDevePermitirNumeroContadorOrdemOperacaoNulo,
com.fincatto.documentofiscal.nfe310.classes.nota.NFNotaInfoLocalTest#naoDevePermitirUFNulo,
com.fincatto.documentofiscal.nfe310.classes.nota.NFNotaInfoInformacoesAdicionaisTest#naoDevePermitirProcessosReferencidosComTamanhoInvalido,
com.fincatto.documentofiscal.nfe310.classes.nota.NFNotaInfoInformacoesAdicionaisTest#naoDevePermitirInformacoesComplementaresInteresseContribuinteTamanhoInvalido,
com.fincatto.documentofiscal.nfe310.classes.nota.NFNotaInfoItemImpostoCOFINSSTTest#naoDevePermitirQuantidadeVendidaForaDoLimite,
com.fincatto.documentofiscal.nfe310.classes.nota.NFNotaInfoItemImpostoCOFINSSTTest#naoDevePermitirValorAliquotaCOFINSForaoDoLimite,
com.fincatto.documentofiscal.nfe310.classes.nota.NFNotaInfoItemImpostoPISQuantidadeTest#deveGerarXMLDeAcordoComOPadraoEstabelecido,
com.fincatto.documentofiscal.nfe310.classes.nota.NFNotaInfoInformacoesAdicionaisTest#noaDevePermitirObservacoesFiscoTamanhoInvalido,
com.fincatto.documentofiscal.nfe310.classes.nota.NFInfoCupomFiscalReferenciadoTest#deveGerarXMLDeAcordoComOPadraoEstabelecido,
com.fincatto.documentofiscal.nfe310.classes.nota.NFNotaInfoItemImpostoCOFINSSTTest#naoDevePermitirValorBaseCalculoForaDoLimite,
com.fincatto.documentofiscal.nfe310.classes.nota.NFInfoCupomFiscalReferenciadoTest#naoDevePermitirNumeroOrdemSequencialECFNulo,
com.fincatto.documentofiscal.nfe310.classes.nota.NFNotaInfoItemImpostoCOFINSSTTest#naoDevePermitirValorCOFINSForaoDoLimite,
com.fincatto.documentofiscal.nfe310.classes.nota.NFNotaInfoCartaoTest#naoDevePermitirOperadoraCartaoNulo,
com.fincatto.documentofiscal.nfe310.classes.nota.NFNotaInfoCartaoTest#naoDevePermitirNumeroAutorizacaoOperacaoCartaoNulo,
com.fincatto.documentofiscal.nfe310.classes.nota.NFNotaInfoItemImpostoCOFINSSTTest#naoDevePermitirValorPercentualAliquotaCOFINSForaDoLimite,
com.fincatto.documentofiscal.nfe310.classes.nota.NFNotaInfoCartaoTest#naoDevePermitirCNPJNulo,
com.fincatto.documentofiscal.nfe310.classes.nota.NFNotaInfoObservacaoTest#naoDevePermitirConteudoCampoComTamanhoNaoPermitido,
com.fincatto.documentofiscal.nfe310.classes.nota.NFNotaInfoObservacaoTest#naoDevePermitirIdentificacaoCampoComTamanhoNaoPermitido,
com.fincatto.documentofiscal.nfe310.classes.nota.NFNotaInfoCartaoTest#deveGerarXMLDeAcordoComOPadraoEstabelecido,
com.fincatto.documentofiscal.nfe310.classes.nota.NFNotaInfoItemImpostoPISTest#devePermitirApenasUmOutrasOperacoes,
com.fincatto.documentofiscal.nfe310.classes.nota.NFNotaInfoInformacoesAdicionaisTest#devePermitirInformacoesComplementaresInteresseContribuinteNulo,
com.fincatto.documentofiscal.nfe310.classes.nota.NFNotaInfoItemImpostoPISTest#devePermitirApenasUmNaoTributado,
com.fincatto.documentofiscal.nfe310.classes.nota.NFNotaInfoItemImpostoPISTest#devePermitirApenasUmQuantidade,
com.fincatto.documentofiscal.nfe310.classes.nota.NFNotaInfoCanaTest#naoDevePermitirSafraComTamanhoDiferenteQue4,
com.fincatto.documentofiscal.nfe310.classes.nota.NFNotaInfoItemImpostoPISTest#devePermitirApenasUmAliquota,
com.fincatto.documentofiscal.nfe310.classes.nota.NFNotaInfoInformacoesAdicionaisTest#devePermitirInformacoesAdicionaisInteresseFiscoNulo,
com.fincatto.documentofiscal.nfe310.classes.nota.NFNotaInfoInformacoesAdicionaisTest#devePermitirObservacoesContribuinteNulo,
com.fincatto.documentofiscal.nfe310.classes.nota.NFNotaInfoCanaTest#naoDevePermitirSafraDeFormatoDiferente,
com.fincatto.documentofiscal.nfe310.classes.nota.NFNotaInfoInformacoesAdicionaisTest#devePermitirProcessosReferenciadosNulo,
com.fincatto.documentofiscal.nfe310.classes.nota.NFNotaInfoInformacoesAdicionaisTest#deveGerarXMLDeAcordoComOPadraoEstabelecido,
com.fincatto.documentofiscal.nfe310.classes.nota.NFNotaInfoCanaTest#naoDevePermitirSafraComTamanhoDiferenteQue9,
com.fincatto.documentofiscal.nfe310.classes.nota.NFNotaInfoInformacoesAdicionaisTest#devePermitirObservacoesFiscoNulo,
com.fincatto.documentofiscal.nfe310.classes.nota.NFInformacaoImpostoDevolvidoTest#naoDevePermitirValorIPIInvalido,
com.fincatto.documentofiscal.nfe310.classes.nota.NFNotaInfoItemImpostoCOFINSSTTest#deveGerarXMLDeAcordoComOPadraoEstabelecido,
com.fincatto.documentofiscal.nfe310.classes.nota.consulta.NFNotaConsultaRetornoTest#deveObterChaveComoFoiSetado,
com.fincatto.documentofiscal.nfe310.classes.nota.NFNotaInfoObservacaoTest#naoDevePermitirIdentificacaoCampoNulo,
com.fincatto.documentofiscal.nfe310.classes.nota.consulta.NFNotaConsultaRetornoTest#deveObterDataHoraReciboComoFoiSetado,
com.fincatto.documentofiscal.nfe310.classes.nota.NFNotaInfoObservacaoTest#naoDevePermitirConteudoCampoNulo,
com.fincatto.documentofiscal.nfe310.classes.nota.NFNotaInfoObservacaoTest#deveGerarXMLDeAcordoComOPadraoEstabelecido,
com.fincatto.documentofiscal.nfe310.classes.nota.consulta.NFNotaConsultaRetornoTest#deveObterMotivoComoFoiSetado,
com.fincatto.documentofiscal.nfe310.classes.nota.consulta.NFNotaConsultaRetornoTest#deveObterVersaoAplicativoComoFoiSetado,
com.fincatto.documentofiscal.nfe310.classes.nota.consulta.NFNotaConsultaRetornoTest#deveObterStatusComoFoiSetado,
com.fincatto.documentofiscal.nfe310.classes.nota.consulta.NFNotaConsultaRetornoTest#deveObterAmbienteComoFoiSetado,
com.fincatto.documentofiscal.nfe310.classes.nota.consulta.NFNotaConsultaRetornoTest#deveObterProtocoloComoFoiSetado,
com.fincatto.documentofiscal.nfe310.classes.nota.NFNotaInfoItemImpostoPISTest#deveGerarXMLDeAcordoComOPadraoEstabelecido,
com.fincatto.documentofiscal.nfe310.classes.nota.consulta.NFNotaConsultaRetornoTest#deveObterVersaoComoFoiSetado,
com.fincatto.documentofiscal.nfe310.classes.nota.NFNotaInfoCanaTest#naoDevePermitirQtdTotalGeralNulo,
com.fincatto.documentofiscal.nfe310.classes.nota.consulta.NFNotaConsultaRetornoTest#deveObterUfComoFoiSetado,
com.fincatto.documentofiscal.nfe310.classes.nota.consulta.NFNotaConsultaRetornoTest#deveObterProtocoloCancelamentoComoFoiSetado,
com.fincatto.documentofiscal.nfe310.classes.nota.consulta.NFNotaConsultaRetornoTest#deveObterProtocoloEventoComoFoiSetado,
com.fincatto.documentofiscal.nfe310.classes.nota.NFNotaInfoCanaTest#naoDevePermitirSafraNulo,
com.fincatto.documentofiscal.nfe310.classes.nota.NFNotaInfoCanaTest#naoDevePermitirQtdTotalAnteriorNulo,
com.fincatto.documentofiscal.nfe310.classes.nota.NFNotaInfoCanaTest#deveGerarXMLDeAcordoComOPadraoEstabelecido,
com.fincatto.documentofiscal.nfe310.classes.nota.consulta.NFProtocoloEventoTest#deveObterVersaoComoFoiSetado,
com.fincatto.documentofiscal.nfe310.classes.nota.consulta.NFProtocoloEventoTest#deveObterEventoComoFoiSetado,
com.fincatto.documentofiscal.nfe310.classes.nota.consulta.NFProtocoloEventoTest#deveObterRetornoEventoComoFoiSetado,
com.fincatto.documentofiscal.nfe310.classes.nota.NFNotaInfoCanaTest#naoDevePermitirReferenciaNulo,
com.fincatto.documentofiscal.nfe310.classes.nota.NFNotaInfoCanaTest#naoDevePermitirListaFornecimentoDiarioVazio,
com.fincatto.documentofiscal.nfe310.classes.nota.consulta.NFNotaConsultaTest#deveObterServicoComoFoiSetado,
com.fincatto.documentofiscal.nfe310.classes.nota.consulta.NFNotaConsultaTest#deveObterAmbienteComoFoiSetado,
com.fincatto.documentofiscal.nfe310.classes.nota.NFNotaInfoCanaTest#naoDevePermitirTotalDeducaoNulo,
com.fincatto.documentofiscal.nfe310.classes.nota.NFNotaInfoCanaTest#naoDevePermitirFornecimentoNulo,
com.fincatto.documentofiscal.nfe310.classes.nota.NFNotaInfoCanaTest#naoDevePermitirLiquidoFornecimentoNulo,
com.fincatto.documentofiscal.nfe310.classes.nota.consulta.NFNotaConsultaTest#deveObterVersaoComoFoiSetado,
com.fincatto.documentofiscal.nfe310.classes.nota.consulta.NFNotaConsultaTest#deveObterChaveComoFoiSetado,
com.fincatto.documentofiscal.nfe310.classes.nota.consulta.NFNotaConsultaTest#naoDevePermitirChaveComTamanhoInvalido,
com.fincatto.documentofiscal.nfe310.classes.nota.NFNotaInfoItemImpostoICMS70Test#naoDevePermitirValorBCSTComTamanhoInvalido,
com.fincatto.documentofiscal.nfe310.classes.nota.NFInformacaoImpostoDevolvidoTest#naoDevePermitirValorIPINulo,
com.fincatto.documentofiscal.nfe310.classes.nota.NFNotaInfoItemImpostoICMS70Test#naoDevePermitirPercentualAliquotaComTamanhoInvalido,
com.fincatto.documentofiscal.nfe310.classes.nota.NFNotaInfoItemImpostoICMS70Test#naoDevePermitirValorICMSSTComTamanhoInvalido,
com.fincatto.documentofiscal.nfe310.classes.nota.NFNotaInfoItemImpostoICMS70Test#naoDevePermitirPercentualReducaoBCICMSSTComTamanhoInvalido,
com.fincatto.documentofiscal.nfe310.classes.nota.NFNotaInfoCanaTest#devePermitirListaDeducoesVazia,
com.fincatto.documentofiscal.nfe310.classes.nota.NFNotaInfoCanaTest#naoDevePermitirQtdTotalMesNulo,
com.fincatto.documentofiscal.nfe310.classes.nota.NFNotaInfoItemImpostoICMS70Test#naoDevePermitirValorBCComTamanhoInvalido,
com.fincatto.documentofiscal.nfe310.classes.nota.NFInformacaoImpostoDevolvidoTest#deveGerarXMLDeAcordoComOPadraoEstabelecido,
com.fincatto.documentofiscal.nfe310.classes.nota.NFNotaInfoItemImpostoICMS70Test#naoDevePermitirValorTributoComTamanhoInvalido,
com.fincatto.documentofiscal.nfe310.classes.nota.NFNotaInfoItemImpostoICMS70Test#naoDevePermitirPercentualMargemValorAdicionadoICMSSTComTamanhoInvalido,
com.fincatto.documentofiscal.nfe310.classes.nota.NFNotaInfoItemImpostoICMS70Test#naoDevePermitirPercentualAliquotaImpostoICMSSTComTamanhoInvalido,
com.fincatto.documentofiscal.nfe310.classes.nota.assinatura.NFReferenceTest#deveObterTransformComoFoiSetado,
com.fincatto.documentofiscal.nfe310.classes.nota.assinatura.NFSignatureTest#deveObterSignedInfoComoFoiSetado,
com.fincatto.documentofiscal.nfe310.classes.nota.assinatura.NFSignatureTest#deveObterSignatureValueComoFoiSetado,
com.fincatto.documentofiscal.nfe310.classes.nota.assinatura.NFReferenceTest#deveObterDigestMethodComoFoiSetado,
com.fincatto.documentofiscal.nfe310.classes.nota.assinatura.NFReferenceTest#deveObterUriComoFoiSetado,
com.fincatto.documentofiscal.nfe310.classes.nota.assinatura.NFSignatureTest#deveObterKeyInfoComoFoiSetado,
com.fincatto.documentofiscal.nfe310.classes.nota.NFNotaInfoItemImpostoICMS70Test#naoDevePermitirPercentualReducaoBCComTamanhoInvalido,
com.fincatto.documentofiscal.nfe310.classes.nota.assinatura.NFReferenceTest#deveObterDigestValueComoFoiSetado,
com.fincatto.documentofiscal.nfe310.classes.nota.NFNotaInfoItemImpostoICMS70Test#devePermitirPercentualReducaoBCICMSSTNulo,
com.fincatto.documentofiscal.nfe310.classes.nota.assinatura.NFKeyInfoTest#deveObterComoFoiSetado,
com.fincatto.documentofiscal.nfe310.classes.nota.NFNotaInfoItemImpostoICMS70Test#naoDevePermitirValorICMSSTNulo,
com.fincatto.documentofiscal.nfe310.classes.nota.assinatura.NFSignedInfoTest#deveObterSignatureMethodComoFoiSetado,
com.fincatto.documentofiscal.nfe310.classes.nota.assinatura.NFTransformTest#deveObterAlgorithmComoFoiSetado,
com.fincatto.documentofiscal.nfe310.classes.nota.NFNotaInfoItemImpostoICMS70Test#naoDevePermitirValorBCNulo,
com.fincatto.documentofiscal.nfe310.classes.nota.assinatura.NFSignedInfoTest#deveObterReferenceComoFoiSetado,
com.fincatto.documentofiscal.nfe310.classes.nota.assinatura.NFSignedInfoTest#deveObterCanonicalizationMethodComoFoiSetado,
com.fincatto.documentofiscal.nfe310.classes.nota.assinatura.NFX509DataTest#deveObterx509certificateComoFoiSetado,
com.fincatto.documentofiscal.nfe310.classes.nota.NFNotaInfoItemImpostoICMSSN500Test#naoDevePermitirValorBCICMSSTRetidoTamanhoInvalido,
com.fincatto.documentofiscal.nfe310.classes.nota.NFNotaInfoItemImpostoICMS70Test#devePermitirValorICMSDesoneracaoNulo,
com.fincatto.documentofiscal.nfe310.classes.nota.NFNotaInfoItemImpostoICMSSN500Test#naoDevePermitirValorICMSSTRetidoTamanhoInvalido,
com.fincatto.documentofiscal.nfe310.classes.nota.NFNotaInfoItemImpostoICMS70Test#devePermitirPercentualMargemValorAdicionadoICMSSTNulo,
com.fincatto.documentofiscal.nfe310.classes.nota.NFNotaInfoDuplicataTest#naoDevePermitirNumeroDuplicataTamanhoInvalido,
com.fincatto.documentofiscal.nfe310.classes.nota.NFNotaInfoLocalTest#naoDevePermitirLogradouroComTamanhoInvalido,
com.fincatto.documentofiscal.nfe310.classes.nota.NFNotaInfoItemImpostoICMS70Test#devePermitirPercentualReducaoBCNulo,
com.fincatto.documentofiscal.nfe310.classes.nota.NFNotaInfoLocalTest#naoDevePermitirCNPJSetadoQuandoCPFEstaSetado,
com.fincatto.documentofiscal.nfe310.classes.nota.NFNotaInfoLocalTest#naoDevePermitirCodigoMunicipioComTamanhoInvalido,
com.fincatto.documentofiscal.nfe310.classes.nota.NFNotaInfoItemImpostoICMS70Test#naoDevePermitirValorBCSTNulo,
com.fincatto.documentofiscal.nfe310.classes.nota.NFNotaInfoItemImpostoICMS70Test#naoDevePermitirPercentualAliquotaImpostoICMSSTNulo,
com.fincatto.documentofiscal.nfe310.classes.nota.NFNotaInfoItemImpostoICMS70Test#naoDevePermitirModalidadeBCNulo,
com.fincatto.documentofiscal.nfe310.classes.nota.NFNotaInfoLocalTest#naoDevePermitirCNPJComTamanhoInvalido,
com.fincatto.documentofiscal.nfe310.classes.nota.NFNotaInfoItemImpostoICMS70Test#naoDevePermitirValorTributoNulo,
com.fincatto.documentofiscal.nfe310.classes.nota.NFNotaInfoItemImpostoICMS70Test#naoDevePermitirOrigemNulo,
com.fincatto.documentofiscal.nfe310.classes.nota.NFNotaInfoItemImpostoICMS70Test#devePermitirDesoneracaoNulo,
com.fincatto.documentofiscal.nfe310.classes.nota.NFNotaInfoItemImpostoICMS70Test#naoDevePermitirPercentualAliquotaNulo,
com.fincatto.documentofiscal.nfe310.classes.nota.NFNotaInfoItemImpostoICMS70Test#naoDevePermitirSituacaoTributariaNulo,
com.fincatto.documentofiscal.nfe310.classes.nota.NFNotaInfoItemImpostoICMS70Test#deveGerarXMLDeAcordoComOPadraoEstabelecido,
com.fincatto.documentofiscal.nfe310.classes.nota.NFNotaInfoItemImpostoICMS70Test#naoDevePermitirModalidadeDeterminacaoBCICMSSTNulo,
com.fincatto.documentofiscal.nfe310.classes.nota.NFNotaInfoLocalTest#naoDevePermitirNumeroComTamanhoInvalido,
com.fincatto.documentofiscal.nfe310.classes.nota.NFNotaInfoItemImpostoICMSSN500Test#naoDevePermitirOrigemSNNulo,
com.fincatto.documentofiscal.nfe310.classes.nota.NFNotaInfoItemImpostoICMSSN500Test#naoDevePermitirSituacaoOperacaoSNNulo,
com.fincatto.documentofiscal.nfe310.classes.nota.NFNotaInfoLocalTest#naoDevePermitirNomeMunicipioComTamanhoInvalido,
com.fincatto.documentofiscal.nfe310.classes.nota.NFNotaInfoDuplicataTest#devePermitirNumeroDuplicataNulo,
com.fincatto.documentofiscal.nfe310.classes.nota.NFNotaInfoLocalTest#naoDevePermitirComplementoComTamanhoInvalido,
com.fincatto.documentofiscal.nfe310.classes.nota.NFNotaInfoItemImpostoICMSSN500Test#devePermitirValorICMSSTRetidoNulo,
com.fincatto.documentofiscal.nfe310.classes.nota.NFNotaInfoLocalTest#naoDevePermitirCPFComTamanhoInvalido,
com.fincatto.documentofiscal.nfe310.classes.nota.NFNotaInfoItemImpostoICMSSN500Test#devePermitirValorBCICMSSTRetidoNulo,
com.fincatto.documentofiscal.nfe310.classes.nota.NFNotaInfoDuplicataTest#devePermitirDataVencimentoNulo,
com.fincatto.documentofiscal.nfe310.classes.nota.NFNotaInfoItemImpostoICMSSN500Test#deveGerarXMLDeAcordoComOPadraoEstabelecido,
com.fincatto.documentofiscal.nfe310.classes.nota.NFNotaInfoLocalTest#naoDevePermitirCPFSetadoQuandoCNPJEstaSetado,
com.fincatto.documentofiscal.nfe310.classes.nota.NFNotaInfoDuplicataTest#deveGerarXMLDeAcordoComOPadraoEstabelecido,
com.fincatto.documentofiscal.nfe310.classes.nota.NFNotaInfoItemImpostoCOFINSOutrasOperacoesTest#naoDevePermitirValorCOFINSComTamanhoInvalido,
com.fincatto.documentofiscal.nfe310.classes.nota.NFNotaInfoDuplicataTest#naoDevePermitirValorDuplicataNulo,
com.fincatto.documentofiscal.nfe310.classes.nota.NFNotaInfoItemImpostoCOFINSOutrasOperacoesTest#naoDevePermitirValorAliquotaComTamanhoInvalido,
com.fincatto.documentofiscal.nfe310.classes.nota.NFNotaInfoItemImpostoCOFINSOutrasOperacoesTest#naoDevePermitirValorBaseCalculoComTamanhoInvalido,
com.fincatto.documentofiscal.nfe310.classes.nota.NFNotaInfoLocalTest#naoDevePermitirLogradouroNulo,
com.fincatto.documentofiscal.nfe310.classes.nota.NFNotaInfoItemImpostoCOFINSOutrasOperacoesTest#naoDevePermitirPercentualCOFINSComTamanhoInvalido,
com.fincatto.documentofiscal.nfe310.classes.nota.NFNotaInfoItemImpostoCOFINSOutrasOperacoesTest#naoDevePermitirQuantidadeVendidaComTamanhoInvalido,
com.fincatto.documentofiscal.nfe310.classes.nota.NFNotaInfoSituacaoTributariaCOFINSTest#deveRetornarSituacaotributariaCOFINSAoPassarCodigoValido,
com.fincatto.documentofiscal.nfe310.classes.nota.NFNotaInfoSituacaoTributariaCOFINSTest#deveRetornarNuloCasoPasseValorInvalido,
com.fincatto.documentofiscal.nfe310.classes.nota.NFNotaInfoLocalTest#naoDevePermitirCodigoMunicipioNulo,
com.fincatto.documentofiscal.nfe310.classes.nota.NFNotaInfoItemImpostoIPINTTest#deveObterNFNotaInfoSituacaoTributariaIPIComoFoiSetado,
com.fincatto.documentofiscal.nfe310.classes.nota.NFNotaInfoLocalTest#naoDevePermitirNomeMunicipioNulo,
com.fincatto.documentofiscal.nfe310.classes.nota.NFNotaInfoItemProdutoCombustivelTest#naoDevePermitirCodigoProdutoANPComTamanhoInvalido,
com.fincatto.documentofiscal.nfe310.classes.nota.NFNotaInfoItemProdutoCombustivelTest#naoDevePermitirCodigoAutorizacaoCODIFComTamanhoInvalido,
com.fincatto.documentofiscal.nfe310.classes.nota.NFNotaInfoItemProdutoCombustivelTest#naoDevePermitirQuantidadeComTamanhoInvalido,
com.fincatto.documentofiscal.nfe310.classes.nota.NFNotaInfoLocalTest#devePermitirComplementoNulo,
com.fincatto.documentofiscal.nfe310.classes.nota.NFNotaInfoLocalTest#naoDevePermitirBairroNulo,
com.fincatto.documentofiscal.nfe310.classes.nota.NFNotaInfoLocalTest#naoDevePermitirNumeroNulo,
com.fincatto.documentofiscal.nfe310.classes.nota.NFNotaInfoLocalTest#deveGerarXMLDeAcordoComOPadraoEstabelecido,
com.fincatto.documentofiscal.nfe310.classes.nota.NFNotaInfoItemImpostoICMSSTTest#naoDevePermitirValorBCICMSSTRetidoUFRemetenteComTamanhoInvalido,
com.fincatto.documentofiscal.nfe310.classes.nota.NFNotaInfoItemImpostoCOFINSOutrasOperacoesTest#devePermitirBaseCalculoNulo,
com.fincatto.documentofiscal.nfe310.classes.nota.NFNotaInfoItemImpostoCOFINSOutrasOperacoesTest#devePermitirValorAliquotaNulo,
com.fincatto.documentofiscal.nfe310.classes.nota.NFNotaInfoItemImpostoICMSSTTest#naoDevePermitirValorBCICMSSTUFDestinoComTamanhoInvalido,
com.fincatto.documentofiscal.nfe310.classes.nota.NFNotaInfoItemImpostoCOFINSOutrasOperacoesTest#devePermitirQuantidadeVendidaNulo,
com.fincatto.documentofiscal.nfe310.classes.nota.NFNotaInfoItemImpostoCOFINSOutrasOperacoesTest#naoDevePermitirValorCOFINS,
com.fincatto.documentofiscal.nfe310.classes.nota.NFNotaInfoItemImpostoICMSSTTest#naoDevePermitirValorICMSSTRetidoUFRemetenteComTamanhoInvalido,
com.fincatto.documentofiscal.nfe310.classes.nota.NFNotaInfoItemImpostoCOFINSOutrasOperacoesTest#naoDevePermitirSituacaoTributariaNulo,
com.fincatto.documentofiscal.nfe310.classes.nota.NFNotaInfoItemImpostoCOFINSOutrasOperacoesTest#devePermitirPercentualCOFINSNulo,
com.fincatto.documentofiscal.nfe310.classes.nota.NFNotaInfoItemImpostoICMSSTTest#naoDevePermitirValorICMSSTUFDestinoComTamanhoInvalido,
com.fincatto.documentofiscal.nfe310.classes.nota.NFNotaInfoItemImpostoCOFINSOutrasOperacoesTest#deveGerarXMLDeAcordoComOPadraoEstabelecido,
com.fincatto.documentofiscal.nfe310.classes.nota.NFNotaInfoItemImpostoICMSSN202Test#naoDevePermitirPercentualReducaoBCICMSSTComTamanhoInvalido,
com.fincatto.documentofiscal.nfe310.classes.nota.NFNotaInfoItemImpostoIPINTTest#deveGerarXMLDeAcordoComOPadraoEstabelecido,
com.fincatto.documentofiscal.nfe310.classes.nota.NFNotaInfoItemImpostoICMSSN202Test#naoDevePermitirPercentualMargemValorAdicionadoICMSSTComTamanhoInvalido,
com.fincatto.documentofiscal.nfe310.classes.nota.NFNotaInfoItemImpostoICMSSN202Test#naoDevePermitirPercentualAliquotaImpostoICMSSTComTamanhoInvalido,
com.fincatto.documentofiscal.nfe310.classes.nota.NFNotaInfoItemProdutoCombustivelTest#devePermitirQuantidadeNulo,
com.fincatto.documentofiscal.nfe310.classes.nota.NFNotaInfoItemProdutoCombustivelTest#deveGerarXMLDeAcordoComOPadraoEstabelecido,
com.fincatto.documentofiscal.nfe310.classes.nota.NFNotaInfoItemProdutoCombustivelTest#devePermitirCideNulo,
com.fincatto.documentofiscal.nfe310.classes.nota.NFNotaInfoItemProdutoCombustivelTest#naoDevePermitirUFNulo,
com.fincatto.documentofiscal.nfe310.classes.nota.NFNotaInfoItemProdutoCombustivelTest#naoDevePermitirCodigoProdutoANPNulo,
com.fincatto.documentofiscal.nfe310.classes.nota.NFNotaInfoItemProdutoCombustivelTest#devePermitirCodigoAutorizacaoCODIFNulo,
com.fincatto.documentofiscal.nfe310.classes.nota.NFNotaInfoItemProdutoCombustivelTest#devePermitirPercentualGasNaturalNulo,
com.fincatto.documentofiscal.nfe310.classes.nota.NFNotaInfoItemImpostoICMSSN202Test#naoDevePermitirValorBCICMSSTComTamanhoInvalido,
com.fincatto.documentofiscal.nfe310.classes.nota.NFNotaInfoItemImpostoICMS60Test#naoDevePermitirValorICMSSTRetidoComTamanhoInvalido,
com.fincatto.documentofiscal.nfe310.classes.nota.NFNotaInfoItemImpostoICMSSN202Test#naoDevePermitirValorICSMSSTComTamanhoInvalido,
com.fincatto.documentofiscal.nfe310.classes.nota.NFNotaInfoItemImpostoICMSSTTest#naoDevePermitirValorBCICMSSTRetidoUFRemetenteNulo,
com.fincatto.documentofiscal.nfe310.classes.nota.NFNotaInfoItemImpostoICMSSN202Test#naoDevePermitirValorICMSSTNulo,
com.fincatto.documentofiscal.nfe310.classes.nota.NFNotaInfoItemImpostoICMSSTTest#naoDevePermitirValorICMSSTRetidoUFRemetenteNulo,
com.fincatto.documentofiscal.nfe310.classes.nota.NFNotaInfoItemImpostoICMSSTTest#naoDevePermitirValorICMSUFDestinoNulo,
com.fincatto.documentofiscal.nfe310.classes.nota.NFNotaInfoItemImpostoICMSSTTest#naoDevePermitirBCICMSSTUFDestinoNulo,
com.fincatto.documentofiscal.nfe310.classes.nota.NFNotaInfoItemImpostoICMSSN202Test#devePermitirPercentualReducaoBCICMSSTNulo,
com.fincatto.documentofiscal.nfe310.classes.nota.NFNotaInfoItemImpostoICMSSTTest#deveGerarXMLDeAcordoComOPadraoEstabelecido,
com.fincatto.documentofiscal.nfe310.classes.nota.NFNotaInfoItemImpostoICMS60Test#naoDevePermitirValorBCICMSSTRetidoComTamanhoInvalido,
com.fincatto.documentofiscal.nfe310.classes.nota.NFEnderecoTest#naoDevePermitirLogradouroComTamanhoInvalido,
com.fincatto.documentofiscal.nfe310.classes.nota.NFNotaInfoItemImpostoICMSSTTest#naoDevePermitirSituacaoTributariaNulo,
com.fincatto.documentofiscal.nfe310.classes.nota.NFEnderecoTest#naoDevePermitirCodigoMunicipioComTamanhoInvalido,
com.fincatto.documentofiscal.nfe310.classes.nota.NFEnderecoTest#deveObterNumeroComoFoiSetado,
com.fincatto.documentofiscal.nfe310.classes.nota.NFNotaInfoItemImpostoICMSSTTest#naoDevePermitirOrigemNulo,
com.fincatto.documentofiscal.nfe310.classes.nota.NFNotaInfoItemImpostoICMSSN202Test#devePermitirPercentualMargemValorAdicionadoICMSSTNulo,
com.fincatto.documentofiscal.nfe310.classes.nota.NFEnderecoTest#deveObterLogradouroComoFoiSetado,
com.fincatto.documentofiscal.nfe310.classes.nota.NFEnderecoTest#deveObterCepComoFoiSetado,
com.fincatto.documentofiscal.nfe310.classes.nota.NFEnderecoTest#naoDevePermitirBairroComTamanhoInvalido,
com.fincatto.documentofiscal.nfe310.classes.nota.NFNotaInfoItemImpostoICMSSN202Test#naoDevePermitirValorBCICMSSTNulo,
com.fincatto.documentofiscal.nfe310.classes.nota.NFEnderecoTest#naoDevePermitirTelefoneComTamanhoInvalido,
com.fincatto.documentofiscal.nfe310.classes.nota.NFEnderecoTest#deveObterBairroComoFoiSetado,
com.fincatto.documentofiscal.nfe310.classes.nota.NFEnderecoTest#deveObterUfComoFoiSetado,
com.fincatto.documentofiscal.nfe310.classes.nota.NFNotaInfoItemImpostoICMSSN202Test#deveGerarXMLDeAcordoComOPadraoEstabelecido,
com.fincatto.documentofiscal.nfe310.classes.nota.NFEnderecoTest#naoDevePermitirNumeroComTamanhoInvalido,
com.fincatto.documentofiscal.nfe310.classes.nota.NFNotaInfoItemImpostoICMSSN202Test#naoDevePermitirPercentualAliquotaImpostoICMSSTNulo,
com.fincatto.documentofiscal.nfe310.classes.nota.NFNotaInfoItemImpostoICMSSN202Test#naoDevePermitirSituacaoOperacaoSNNulo,
com.fincatto.documentofiscal.nfe310.classes.nota.NFEnderecoTest#deveObterComplementoComoFoiSetado,
com.fincatto.documentofiscal.nfe310.classes.nota.NFNotaInfoItemImpostoICMSSN202Test#naoDevePermitirModalidadeDeterminacaoBCICMSSTNulo,
com.fincatto.documentofiscal.nfe310.classes.nota.NFEnderecoTest#deveObterCodigoPaisComoFoiSetado,
com.fincatto.documentofiscal.nfe310.classes.nota.NFNotaInfoItemImpostoICMSSN202Test#naoDevePermitirOrigemNulo,
com.fincatto.documentofiscal.nfe310.classes.nota.NFEnderecoTest#naoDevePermitirComplementoComTamanhoInvalido,
com.fincatto.documentofiscal.nfe310.classes.nota.NFNotaInfoItemImpostoICMS60Test#naoDeveSituacaoTributariaNulo,
com.fincatto.documentofiscal.nfe310.classes.nota.NFEnderecoTest#naoDevePermitirDescricaoMunicipioComTamanhoInvalido,
com.fincatto.documentofiscal.nfe310.classes.nota.NFEnderecoTest#deveObterCodigoMunicipioComoFoiSetado,
com.fincatto.documentofiscal.nfe310.classes.nota.NFEnderecoTest#deveObterTelefoneComoFoiSetado,
com.fincatto.documentofiscal.nfe310.classes.nota.NFNotaInfoItemImpostoICMS60Test#devePermitirValorBCICMSSTRetidoNulo,
com.fincatto.documentofiscal.nfe310.classes.nota.NFNotaInfoItemImpostoICMS60Test#deveGerarXMLDeAcordoComOPadraoEstabelecido,
com.fincatto.documentofiscal.nfe310.classes.nota.NFEnderecoTest#naoDevePermitirLogradouroNulo,
com.fincatto.documentofiscal.nfe310.classes.nota.NFNotaInfoItemImpostoICMS60Test#devePermitirValorICMSSTRetidoNulo,
com.fincatto.documentofiscal.nfe310.classes.nota.NFEnderecoTest#naoDevePermitirDescricaoMunicipioNulo,
com.fincatto.documentofiscal.nfe310.classes.nota.NFEnderecoTest#deveObterDescricaoMunicipioComoFoiSetado,
com.fincatto.documentofiscal.nfe310.classes.nota.NFNotaInfoItemImpostoICMS60Test#naoDevePermitirOrigemNulo,
com.fincatto.documentofiscal.nfe310.classes.nota.NFEnderecoTest#naoDevePermitirCodigoMunicipioNulo,
com.fincatto.documentofiscal.nfe310.classes.nota.NFEnderecoTest#devePermitirTelefoneNulo,
com.fincatto.documentofiscal.nfe310.classes.nota.NFNotaInfoItemImpostoCOFINSTest#devePermitirApenasUmQuantidade,
com.fincatto.documentofiscal.nfe310.classes.nota.NFNotaInfoVolumeTest#naoDevePermitirMarcaComTaamnhoInvalido,
com.fincatto.documentofiscal.nfe310.classes.nota.NFNotaInfoItemImpostoCOFINSTest#devePermitirApenasUmNaoTributavel,
com.fincatto.documentofiscal.nfe310.classes.nota.NFNotaInfoItemImpostoCOFINSTest#devePermitirApenasUmOutrasOperacoes,
com.fincatto.documentofiscal.nfe310.classes.nota.NFNotaInfoItemImpostoCOFINSTest#devePermitirApenasUmAliquota,
com.fincatto.documentofiscal.nfe310.classes.nota.NFEnderecoTest#deveGerarXMLDeAcordoComOPadraoEstabelecido,
com.fincatto.documentofiscal.nfe310.classes.nota.NFEnderecoTest#devePermitirCepNulo,
com.fincatto.documentofiscal.nfe310.classes.nota.NFNotaInfoVolumeTest#naoDevePermitirLacresComTamanhoInvalido,
com.fincatto.documentofiscal.nfe310.classes.nota.NFNotaInfoVolumeTest#devePermitirLacresComTamanhoInvalido,
com.fincatto.documentofiscal.nfe310.classes.nota.NFGeraChaveTest#geraChaveDeAcessoRandomica,
com.fincatto.documentofiscal.nfe310.classes.nota.NFNotaInfoVolumeTest#naoDevePermitirNumerocaoVolumesComTamanhoInvalido,
com.fincatto.documentofiscal.nfe310.classes.nota.NFNotaInfoVolumeTest#naoDevePermitirEspecieVolumesTransportadosComTamanhoInvalido,
com.fincatto.documentofiscal.nfe310.classes.nota.NFGeraChaveTest#geraChaveDeAcessoComCNPJConformeEsperado,
com.fincatto.documentofiscal.nfe310.classes.nota.NFEnderecoTest#devePermitirComplementoNulo,
com.fincatto.documentofiscal.nfe310.classes.nota.NFGeraChaveTest#geraChaveDeAcessoComCPFConformeEsperado,
com.fincatto.documentofiscal.nfe310.classes.nota.NFEnderecoTest#devePermitirCodigoPaisNulo,
com.fincatto.documentofiscal.nfe310.classes.nota.NFGeraChaveTest#geraChaveDeAcessoSemCodigoRandomicoRetornaExcecao,
com.fincatto.documentofiscal.nfe310.classes.nota.NFNotaInfoTransporteTest#naoDevePermitirVolumesComTamanhoInvalido,
com.fincatto.documentofiscal.nfe310.classes.nota.NFEnderecoTest#naoDevePermitirNumeroNulo,
com.fincatto.documentofiscal.nfe310.classes.nota.NFEnderecoTest#naoDevePermitirBairroNulo,
com.fincatto.documentofiscal.nfe310.classes.nota.NFEnderecoTest#naoDevePermitirUFNulo,
com.fincatto.documentofiscal.nfe310.classes.nota.NFNotaInfoTransporteTest#devePermitirVolumesComTamanhoInvalido,
com.fincatto.documentofiscal.nfe310.classes.nota.NFNotaTest#deveObterIdentificadorLocalComoFoiObtida,
com.fincatto.documentofiscal.nfe310.classes.nota.NFNotaInfoItemImpostoCOFINSTest#deveGerarXMLDeAcordoComOPadraoEstabelecido,
com.fincatto.documentofiscal.nfe310.classes.nota.NFNotaInfoItemProdutoDeclaracaoImportacaoAdicaoTest#naoDevePermitirCodigoFabricanteComTamanhoInvalido,
com.fincatto.documentofiscal.nfe310.classes.nota.NFNotaTest#deveObterAssinaturaComoFoiObtida,
com.fincatto.documentofiscal.nfe310.classes.nota.NFNotaTest#deveObterInfoComoFoiSetado,
com.fincatto.documentofiscal.nfe310.classes.nota.NFNotaInfoItemProdutoDeclaracaoImportacaoAdicaoTest#deveObterNumeroComoFoiSetado,
com.fincatto.documentofiscal.nfe310.classes.nota.NFNotaInfoTransporteTest#devePermitirVagaoNulo,
com.fincatto.documentofiscal.nfe310.classes.nota.NFNotaInfoItemProdutoDeclaracaoImportacaoAdicaoTest#deveObterSequencialComoFoiSetado,
com.fincatto.documentofiscal.nfe310.classes.nota.NFNotaInfoVolumeTest#devePermitirLacresNulo,
com.fincatto.documentofiscal.nfe310.classes.nota.NFNotaInfoVolumeTest#devePermitirQuantidadeVolumesTransportadosNulo,
com.fincatto.documentofiscal.nfe310.classes.nota.NFNotaInfoVolumeTest#devePermitirPesoBrutoNulo,
com.fincatto.documentofiscal.nfe310.classes.nota.NFNotaInfoItemProdutoDeclaracaoImportacaoAdicaoTest#naoDevePermitirSequencialComTamanhoInvalido,
com.fincatto.documentofiscal.nfe310.classes.nota.NFNotaInfoVolumeTest#devePermitirNumeracaoVolumesTransportadosNulo,
com.fincatto.documentofiscal.nfe310.classes.nota.NFNotaInfoVolumeTest#devePermitirEspecieVolumesTransportadosNulo,
com.fincatto.documentofiscal.nfe310.classes.nota.NFNotaInfoVolumeTest#devePermitirPesoLiquidoNulo,
com.fincatto.documentofiscal.nfe310.classes.nota.NFNotaInfoVolumeTest#deveGerarXMLDeAcordoComOPadraoEstabelecido,
com.fincatto.documentofiscal.nfe310.classes.nota.NFNotaInfoTransporteTest#devePermitirVolumesNulo,
com.fincatto.documentofiscal.nfe310.classes.nota.NFNotaInfoVolumeTest#devePermitirMarcaNulo,
com.fincatto.documentofiscal.nfe310.classes.nota.NFNotaInfoItemProdutoDeclaracaoImportacaoAdicaoTest#naoDevePermitirNumeroAtoConcessorioDrawbackComTamanhoInvalido,
com.fincatto.documentofiscal.nfe310.classes.nota.NFNotaInfoItemProdutoDeclaracaoImportacaoAdicaoTest#naoDevePermitirNumeroComTamanhoInvalido,
com.fincatto.documentofiscal.nfe310.classes.nota.NFNotaInfoItemProdutoDeclaracaoImportacaoAdicaoTest#deveObterCodigoFabricanteComoFoiSetado,
com.fincatto.documentofiscal.nfe310.classes.nota.NFNotaInfoTransporteTest#devePermitirReboqueNulo,
com.fincatto.documentofiscal.nfe310.classes.nota.NFNotaInfoTransporteTest#devePermitirBalsaNulo,
com.fincatto.documentofiscal.nfe310.classes.nota.NFNotaInfoItemProdutoDeclaracaoImportacaoAdicaoTest#deveObterNumeroAtoConcessorioDrawbackComoFoiSetado,
com.fincatto.documentofiscal.nfe310.classes.nota.NFNotaInfoTransporteTest#devePermitirICMSTransporteNulo,
com.fincatto.documentofiscal.nfe310.classes.nota.NFNotaInfoTransporteTest#deveGerarXMLDeAcordoComOPadraoEstabelecido,
com.fincatto.documentofiscal.nfe310.classes.nota.NFNotaInfoItemProdutoDeclaracaoImportacaoAdicaoTest#naoDevePermitirDescontoComTamanhoInvalido,
com.fincatto.documentofiscal.nfe310.classes.nota.NFNotaInfoTransporteTest#devePermitirTransportadorNulo,
com.fincatto.documentofiscal.nfe310.classes.nota.NFNotaInfoItemImpostoISSQNTest#naoDevePermitirCodigoMunicipioComTamanhoInvalido,
com.fincatto.documentofiscal.nfe310.classes.nota.NFNotaInfoTransporteTest#devePermitirVeiculoNulo,
com.fincatto.documentofiscal.nfe310.classes.nota.NFNotaInfoTransporteTest#naoDevePermitirModalidadeFreteNulo,
com.fincatto.documentofiscal.nfe310.classes.nota.NFNotaInfoItemProdutoDeclaracaoImportacaoAdicaoTest#deveObterDescontoComoFoiSetado,
com.fincatto.documentofiscal.nfe310.classes.nota.NFNotaTest#naoDevePermitirInfoNulo,
com.fincatto.documentofiscal.nfe310.classes.nota.NFNotaInfoItemImpostoISSQNTest#naoDevePermitirValorBaseCalculoComTamanhoInvalido,
com.fincatto.documentofiscal.nfe310.classes.nota.NFNotaInfoItemProdutoDeclaracaoImportacaoAdicaoTest#devePermitirDescontoNulo,
com.fincatto.documentofiscal.nfe310.classes.nota.NFNotaTest#deveGerarXMLDeAcordoComOPadraoEstabelecido,
com.fincatto.documentofiscal.nfe310.classes.nota.NFNotaInfoItemProdutoDeclaracaoImportacaoAdicaoTest#devePermitirItemPedidoCompraNulo,
com.fincatto.documentofiscal.nfe310.classes.nota.NFNotaInfoItemProdutoDeclaracaoImportacaoAdicaoTest#naoDevePermitirSequencialNulo,
com.fincatto.documentofiscal.nfe310.classes.nota.NFNotaInfoItemProdutoDeclaracaoImportacaoAdicaoTest#devePermitirNumeroPedidoCompraNulo,
com.fincatto.documentofiscal.nfe310.classes.nota.NFNotaInfoItemImpostoISSQNTest#naoDevePermitirItemListaServicosComTamanhoInvalido,
com.fincatto.documentofiscal.nfe310.classes.nota.NFNotaInfoItemImpostoISSQNTest#naoDevePermitirAliquotaISSQNComTamanhoNulo,
com.fincatto.documentofiscal.nfe310.classes.nota.NFNotaInfoItemProdutoDeclaracaoImportacaoAdicaoTest#devePermitirNumeroAtoConcessorioDrawbackNulo,
com.fincatto.documentofiscal.nfe310.classes.nota.NFNotaInfoItemProdutoDeclaracaoImportacaoAdicaoTest#naoDevePermitirCodigoFabricanteNulo,
com.fincatto.documentofiscal.nfe310.classes.nota.NFNotaInfoItemImpostoISSQNTest#naoDevePermitirValorComTamanhoInvalido,
com.fincatto.documentofiscal.nfe310.classes.nota.NFNotaInfoItemImpostoISSQNTest#naoDevePermitirItemListaServicosNulo,
com.fincatto.documentofiscal.nfe310.classes.nota.NFNotaInfoItemProdutoDeclaracaoImportacaoAdicaoTest#deveGerarXMLDeAcordoComOPadraoEstabelecido,
com.fincatto.documentofiscal.nfe310.classes.nota.NFNotaInfoItemImpostoISSQNTest#naoDevePermitirCodigoMunicipioNulo,
com.fincatto.documentofiscal.nfe310.classes.nota.NFNotaInfoItemProdutoDeclaracaoImportacaoAdicaoTest#naoDevePermitirNumeroNulo,
com.fincatto.documentofiscal.nfe310.classes.nota.NFNotaInfoItemImpostoICMS20Test#naoDevePermitirPercentualAliquotaComTamanhoInvalido,
com.fincatto.documentofiscal.nfe310.classes.nota.NFNotaInfoItemImpostoICMS20Test#naoDevePermitirValorBCICMSComTamanhoInvalido,
com.fincatto.documentofiscal.nfe310.classes.nota.NFNotaInfoItemImpostoISSQNTest#naoDevePermitirValorNulo,
com.fincatto.documentofiscal.nfe310.classes.nota.NFNotaInfoItemImpostoISSQNTest#devePermitirValorOutroISSNulo,
com.fincatto.documentofiscal.nfe310.classes.nota.NFNotaInfoItemImpostoICMS20Test#naoDevePermitirValorTributoComTamanhoInvalido,
com.fincatto.documentofiscal.nfe310.classes.nota.NFNotaInfoItemImpostoISSQNTest#naoDevePermitirValorBaseCalculoNulo,
com.fincatto.documentofiscal.nfe310.classes.nota.NFViaTransporteInternacionalTest#deveObterEnumPeloCodigo,
com.fincatto.documentofiscal.nfe310.classes.nota.NFViaTransporteInternacionalTest#deveRepresentarOCodigoCorretamente,
com.fincatto.documentofiscal.nfe310.classes.nota.NFNotaInfoItemImpostoISSQNTest#devePermitirNumeroProcessoNulo,
com.fincatto.documentofiscal.nfe310.classes.nota.NFNotaInfoItemImpostoISSQNTest#naoDevePermitirIncentivoFiscalNulo,
com.fincatto.documentofiscal.nfe310.classes.nota.NFNotaInfoItemImpostoICMS20Test#naoDevePermitirPercentualReducaoBCComTamanhoInvalido,
com.fincatto.documentofiscal.nfe310.classes.nota.NFNotaInfoItemImpostoICMSTest#deveObterIcms60ComoFoiSetado,
com.fincatto.documentofiscal.nfe310.classes.nota.NFInfoReferenciadaTest#devePermitirSetarApenasUmModelo1Por1Referenciada,
com.fincatto.documentofiscal.nfe310.classes.nota.NFNotaInfoItemImpostoISSQNTest#naoDevePermitirIndicadorExigibilidadeISSNulo,
com.fincatto.documentofiscal.nfe310.classes.nota.NFInfoReferenciadaTest#devePermitirSetarApenasUmCupomFiscalReferenciadoSetado,
com.fincatto.documentofiscal.nfe310.classes.nota.NFNotaInfoItemImpostoISSQNTest#deveGerarXMLDeAcordoComOPadraoEstabelecido,
com.fincatto.documentofiscal.nfe310.classes.nota.NFInfoReferenciadaTest#devePermitirSetarApenasUmInfoNFProdutorRuralReferenciada,
com.fincatto.documentofiscal.nfe310.classes.nota.NFNotaInfoItemImpostoISSQNTest#naoDevePermitirValorAliquotaNulo,
com.fincatto.documentofiscal.nfe310.classes.nota.NFNotaInfoItemImpostoISSQNTest#devePermitirCodigoPaisNulo,
com.fincatto.documentofiscal.nfe310.classes.nota.NFNotaInfoItemImpostoISSQNTest#devePermitirValorDeducaoNulo,
com.fincatto.documentofiscal.nfe310.classes.nota.NFInfoReferenciadaTest#devePermitirSetarApenasUmChaveAcessoCTReferenciada,
com.fincatto.documentofiscal.nfe310.classes.nota.NFNotaInfoItemImpostoISSQNTest#devePermitirValorRetencaoISSNulo,
com.fincatto.documentofiscal.nfe310.classes.nota.NFNotaInfoItemImpostoISSQNTest#devePermitirCodigoServicoNulo,
com.fincatto.documentofiscal.nfe310.classes.nota.NFNotaInfoItemImpostoICMS20Test#naoDevePermitirValorTributoNulo,
com.fincatto.documentofiscal.nfe310.classes.nota.NFNotaInfoItemImpostoISSQNTest#devePermitirCodigoMunicipioIncidenciaImpostoNulo,
com.fincatto.documentofiscal.nfe310.classes.nota.NFInfoReferenciadaTest#devePermitirSetarApenasUmChaveAcesso,
com.fincatto.documentofiscal.nfe310.classes.nota.NFNotaInfoItemImpostoICMS20Test#naoDevePermitirPercentualReducaoBCNulo,
com.fincatto.documentofiscal.nfe310.classes.nota.NFNotaInfoItemImpostoISSQNTest#devePermitirValorDescontoCondicionadoISSNulo,
com.fincatto.documentofiscal.nfe310.classes.nota.NFNotaInfoItemImpostoICMS20Test#naoDevePermitirValorBCICMSNulo,
com.fincatto.documentofiscal.nfe310.classes.nota.NFNotaInfoItemImpostoISSQNTest#devePermitirValorDescontoIncondicionadoISSNulo,
com.fincatto.documentofiscal.nfe310.classes.nota.NFInfoReferenciadaTest#naoDevePermitirChaveAcessoComTamanhoInvalido,
com.fincatto.documentofiscal.nfe310.classes.nota.NFNotaInfoItemImpostoICMS20Test#naoDevePermitirOrigemNulo,
com.fincatto.documentofiscal.nfe310.classes.nota.NFNotaInfoItemImpostoICMS20Test#naoDevePermitirSituacaoTributariaNulo,
com.fincatto.documentofiscal.nfe310.classes.nota.NFNotaInfoItemImpostoICMS20Test#naoDevePermitirModalidadeBaseCalculoNulo,
com.fincatto.documentofiscal.nfe310.classes.nota.NFNotaInfoItemImpostoICMS20Test#naoDevePermitirPercentualAliquotaNulo,
com.fincatto.documentofiscal.nfe310.classes.nota.NFNotaInfoItemTest#naoDevePermitirNumeroItemComTamanhoInvalido,
com.fincatto.documentofiscal.nfe310.classes.nota.NFNotaInfoItemImpostoICMS20Test#devePermitirValorICMSDesoneracaoNulo,
com.fincatto.documentofiscal.nfe310.classes.nota.NFNotaInfoItemImpostoICMS20Test#deveGerarXMLDeAcordoComOPadraoEstabelecido,
com.fincatto.documentofiscal.nfe310.classes.nota.NFNotaInfoEmitenteTest#naoDevePermitirEnderecoNulo,
com.fincatto.documentofiscal.nfe310.classes.nota.NFNotaInfoItemTest#naoDevePermitirInformacoesAdicionaisComTamanhoInvalido,
com.fincatto.documentofiscal.nfe310.classes.nota.NFNotaInfoItemImpostoICMS20Test#devePermitirDesoneracaoNulo,
com.fincatto.documentofiscal.nfe310.classes.nota.NFInfoReferenciadaTest#devePermitirChaveAcessoNulo,
com.fincatto.documentofiscal.nfe310.classes.nota.NFNotaInfoFaturaTest#devePermitirNumeroFaturaComTamanhoValido,
com.fincatto.documentofiscal.nfe310.classes.nota.NFNotaInfoFaturaTest#deveObterValorDescontoComoFoiSetado,
com.fincatto.documentofiscal.nfe310.classes.nota.NFInfoReferenciadaTest#deveGerarXMLDeAcordoComOPadraoEstabelecido,
com.fincatto.documentofiscal.nfe310.classes.nota.NFNotaInfoFaturaTest#naoDevePermitirNumeroFaturaComTamanhoInvalido,
com.fincatto.documentofiscal.nfe310.classes.nota.NFNotaInfoFaturaTest#deveObterNumeroFaturaComoFoiSetado,
com.fincatto.documentofiscal.nfe310.classes.nota.NFNotaInfoFaturaTest#deveObterComoFoiSetado,
com.fincatto.documentofiscal.nfe310.classes.nota.NFNotaInfoFaturaTest#deveObterValorLiquidoFaturaComoFoiSetado,
com.fincatto.documentofiscal.nfe310.classes.nota.NFNotaInfoItemImpostoICMS40Test#naoDevePermitirValorICMSComTamanhoInvalido,
com.fincatto.documentofiscal.nfe310.classes.nota.NFNotaInfoTransportadorTest#naoDevePermitirRazaoSocialInvalido,
com.fincatto.documentofiscal.nfe310.classes.nota.NFNotaInfoTransportadorTest#naoDevePermitirInscricaoEstadualInvalido,
com.fincatto.documentofiscal.nfe310.classes.nota.NFNotaInfoTransportadorTest#naoDevePermitirSetarCNPJCasoCPFEstejaSetado,
com.fincatto.documentofiscal.nfe310.classes.nota.NFInfoReferenciadaTest#devePermitirModelo1por1ReferenciadaNulo,
com.fincatto.documentofiscal.nfe310.classes.nota.NFNotaInfoTransportadorTest#devePermitirNomeMunicipioValido,
com.fincatto.documentofiscal.nfe310.classes.nota.NFNotaInfoItemTest#naoDevePermitirProdutoNulo,
com.fincatto.documentofiscal.nfe310.classes.nota.NFNotaInfoTransportadorTest#devePermitirInscricaoEstadualValido,
com.fincatto.documentofiscal.nfe310.classes.nota.NFNotaInfoItemTest#naoDevePermitirNumeroItemNulo,
com.fincatto.documentofiscal.nfe310.classes.nota.NFNotaInfoTransportadorTest#naoDevePermitirNomeMunicipioTamanhoInvalido,
com.fincatto.documentofiscal.nfe310.classes.nota.NFNotaInfoItemTest#devePermitirInformacoesAdicionaisNulo,
com.fincatto.documentofiscal.nfe310.classes.nota.NFNotaInfoTransportadorTest#naoDevePermitirCNPJInvalido,
com.fincatto.documentofiscal.nfe310.classes.nota.NFNotaInfoFaturaTest#devePermitirValorOriginalFaturaNulo,
com.fincatto.documentofiscal.nfe310.classes.nota.NFNotaInfoTransportadorTest#devePermitirRazaoSocialValido,
com.fincatto.documentofiscal.nfe310.classes.nota.NFNotaInfoFaturaTest#devePermitirValorLiquidoFaturaNulo,
com.fincatto.documentofiscal.nfe310.classes.nota.NFNotaInfoTransportadorTest#naoDevePermitirSetarCPFCasoCNPJEstejaSetado,
com.fincatto.documentofiscal.nfe310.classes.nota.NFNotaInfoTransportadorTest#naoDevePermitirCPFInvalido,
com.fincatto.documentofiscal.nfe310.classes.nota.NFNotaInfoItemImpostoICMSTest#deveObterIcmsSN202ComoFoiSetado,
com.fincatto.documentofiscal.nfe310.classes.nota.NFNotaInfoItemImpostoICMSTest#deveObterIcms90ComoFoiSetado,
com.fincatto.documentofiscal.nfe310.classes.nota.NFNotaInfoItemTest#deveGerarXMLDeAcordoComOPadraoEstabelecido,
com.fincatto.documentofiscal.nfe310.classes.nota.NFNotaInfoItemImpostoICMSTest#deveObterIcmsSN500ComoFoiSetado,
com.fincatto.documentofiscal.nfe310.classes.nota.NFNotaInfoItemImpostoICMSTest#naoDeveEstarSelecionadoCasoNaoTenhaICMSSetado,
com.fincatto.documentofiscal.nfe310.classes.nota.NFNotaInfoItemTest#devePermitirImpostoDevolvidoNulo,
com.fincatto.documentofiscal.nfe310.classes.nota.NFNotaInfoFaturaTest#deveGerarXMLDeAcordoComOPadraoEstabelecido,
com.fincatto.documentofiscal.nfe310.classes.nota.NFNotaInfoItemImpostoICMSTest#deveObterIcms10ComoFoiSetado,
com.fincatto.documentofiscal.nfe310.classes.nota.NFNotaInfoItemTest#naoDevePermitirImpostoNulo,
com.fincatto.documentofiscal.nfe310.classes.nota.NFNotaInfoItemImpostoICMSTest#deveObterIcms40ComoFoiSetado,
com.fincatto.documentofiscal.nfe310.classes.nota.NFNotaInfoFaturaTest#devePermitirNumeroFaturaComTamanhoNulo,
com.fincatto.documentofiscal.nfe310.classes.nota.NFNotaInfoFaturaTest#devePermitirValorDescontoNulo,
com.fincatto.documentofiscal.nfe310.classes.nota.NFNotaInfoItemImpostoICMS40Test#devePermitirValorICMSDesoneracaoNulo,
com.fincatto.documentofiscal.nfe310.classes.nota.NFNotaInfoItemImpostoICMS40Test#naoDevePermitirSituacaoTributariaNulo,
com.fincatto.documentofiscal.nfe310.classes.nota.NFNotaInfoItemImpostoICMS40Test#devePermitirMotivoDesoneracaoICMSNulo,
com.fincatto.documentofiscal.nfe310.classes.nota.NFNotaInfoItemImpostoICMSTest#deveObterIcms70ComoFoiSetado,
com.fincatto.documentofiscal.nfe310.classes.nota.NFNotaInfoItemImpostoICMSTest#deveObterIcmsSN102ComoFoiSetado,
com.fincatto.documentofiscal.nfe310.classes.nota.NFNotaInfoItemImpostoICMS40Test#devePermitirValorICMSNulo,
com.fincatto.documentofiscal.nfe310.classes.nota.NFNotaInfoItemImpostoICMSTest#deveObterIcmsSN201ComoFoiSetado,
com.fincatto.documentofiscal.nfe310.classes.nota.NFNotaInfoItemImpostoICMS40Test#deveGerarXMLDeAcordoComOPadraoEstabelecido,
com.fincatto.documentofiscal.nfe310.classes.nota.NFNotaInfoItemImpostoICMSTest#deveEstarSelecionadoCasoTenhaUmICMSSetado,
com.fincatto.documentofiscal.nfe310.classes.nota.NFNotaInfoItemImpostoICMSTest#deveObterIcms51ComoFoiSetado,
com.fincatto.documentofiscal.nfe310.classes.nota.NFNotaInfoTransportadorTest#devePermitirUFNulo,
com.fincatto.documentofiscal.nfe310.classes.nota.NFNotaInfoItemImpostoICMSTest#deveObterIcmsSN101ComoFoiSetado,
com.fincatto.documentofiscal.nfe310.classes.nota.NFNotaInfoItemImpostoICMS40Test#naoDevePermitirOrigemNulo,
com.fincatto.documentofiscal.nfe310.classes.nota.NFNotaInfoItemImpostoICMSTest#deveObterIcms20ComoFoiSetado,
com.fincatto.documentofiscal.nfe310.classes.nota.NFNotaInfoTransportadorTest#devePermitirInscricaoEstadualNulo,
com.fincatto.documentofiscal.nfe310.classes.nota.NFNotaInfoTransportadorTest#devePermitirCNPJNulo,
com.fincatto.documentofiscal.nfe310.classes.nota.NFNotaInfoTransportadorTest#devePermitirCPFNulo,
com.fincatto.documentofiscal.nfe310.classes.nota.NFNotaInfoItemImpostoICMSTest#devePermitirApenasUmICMSSelecionado,
com.fincatto.documentofiscal.nfe310.classes.nota.NFNotaInfoTransportadorTest#devePermitirRazaoSocialNulo,
com.fincatto.documentofiscal.nfe310.classes.nota.NFNotaInfoTransportadorTest#devePermitirEnderecoComplementoNulo,
com.fincatto.documentofiscal.nfe310.classes.nota.NFNotaInfoTransportadorTest#devePermitirNomeMunicipioNulo,
com.fincatto.documentofiscal.nfe310.classes.nota.NFNotaInfoItemImpostoICMSTest#deveObterIcmsPartilhadoComoFoiSetado,
com.fincatto.documentofiscal.nfe310.classes.nota.NFNotaInfoItemImpostoICMSTest#deveObterIcmsSN900ComoFoiSetado,
com.fincatto.documentofiscal.nfe310.classes.nota.NFNotaInfoTransportadorTest#deveGerarXMLDeAcordoComOPadraoEstabelecido,
com.fincatto.documentofiscal.nfe310.classes.nota.NFNotaInfoItemImpostoICMSTest#deveObterIcmsSTComoFoiSetado,
com.fincatto.documentofiscal.nfe310.classes.nota.NFNotaInfoItemImpostoICMSTest#deveObterIcms30ComoFoiSetado,
com.fincatto.documentofiscal.nfe310.classes.nota.NFNotaInfoItemProdutoArmamentoTest#naoDevePermitirDescricaoComTamanhoInvalido,
com.fincatto.documentofiscal.nfe310.classes.nota.NFNotaInfoItemImpostoICMSTest#deveObterIcms00ComoFoiSetado,
com.fincatto.documentofiscal.nfe310.classes.nota.NFNotaInfoItemProdutoArmamentoTest#naoDevePermitirNumeroSerieCanoComTamanhoInvalido,
com.fincatto.documentofiscal.nfe310.classes.nota.NFNotaInfoItemProdutoArmamentoTest#naoDevePermitirNumeroSerieArmaComTamanhoInvalido,
com.fincatto.documentofiscal.nfe310.classes.nota.NFPessoaAutorizadaDownloadNFeTest#naoDevePermitirCNPJComTamanhoInvalido,
com.fincatto.documentofiscal.nfe310.classes.nota.NFPessoaAutorizadaDownloadNFeTest#naoDevePermitirCNPJSetadoQuandoCPFEstaSetado,
com.fincatto.documentofiscal.nfe310.classes.nota.NFPessoaAutorizadaDownloadNFeTest#naoDevePermitirCPFComTamanhoInvalido,
com.fincatto.documentofiscal.nfe310.classes.nota.NFPessoaAutorizadaDownloadNFeTest#naoDevePermitirCPFSetadoQuandoCNPJEstaSetado,
com.fincatto.documentofiscal.nfe310.classes.nota.NFNotaInfoProcessoReferenciadoTest#naoDevePermitirIdentificadorProcessoOuAtoConcessorioComTamanhoNaoPermitido,
com.fincatto.documentofiscal.nfe310.classes.nota.NFNotaInfoCobrancaTest#naoDevePermitirDuplicatasTamanhoInvalido,
com.fincatto.documentofiscal.nfe310.classes.nota.NFNotaInfoCobrancaTest#devePermitirDuplicatasTamanhoValido,
com.fincatto.documentofiscal.nfe310.classes.nota.NFNotaInfoItemImpostoICMSSN900Test#naoDevePermitirAliquotaAplicavelCalculoCreditoSNComTamanhoInvalido,
com.fincatto.documentofiscal.nfe310.classes.nota.NFNotaInfoItemImpostoICMSSN900Test#naoDevePermitirValorCreditoICMSSNComTamanhoInvalido,
com.fincatto.documentofiscal.nfe310.classes.nota.NFNotaInfoItemImpostoICMSSN900Test#naoDevePermitirValorBCICMSComTamanhoInvalido,
com.fincatto.documentofiscal.nfe310.classes.nota.NFNotaInfoItemImpostoICMSSN900Test#naoDevePermitirPercentualReducaoBCICMSSTComTamanhoInvalido,
com.fincatto.documentofiscal.nfe310.classes.nota.NFNotaInfoItemImpostoICMSSN900Test#naoDevePermitirValorICMSSTComTamanhoInvalido,
com.fincatto.documentofiscal.nfe310.classes.nota.NFNotaInfoItemImpostoIPINaoTributadoTest#deveGerarXMLDeAcordoComOPadraoEstabelecido,
com.fincatto.documentofiscal.nfe310.classes.nota.NFNotaInfoItemProdutoArmamentoTest#naoDevePermitirNumeroSerieCanoNulo,
com.fincatto.documentofiscal.nfe310.classes.nota.NFNotaInfoItemProdutoArmamentoTest#naoDevePermitirDescricaoNulo,
com.fincatto.documentofiscal.nfe310.classes.nota.NFNotaInfoItemImpostoIPINaoTributadoTest#naoDevePermitirSituacaoTributariaNulo,
com.fincatto.documentofiscal.nfe310.classes.nota.NFPessoaAutorizadaDownloadNFeTest#deveGerarXMLDeAcordoComOPadraoEstabelecido,
com.fincatto.documentofiscal.nfe310.classes.nota.NFNotaInfoItemProdutoArmamentoTest#naoDevePermitirNumeroSerieArmaNulo,
com.fincatto.documentofiscal.nfe310.classes.nota.NFNotaInfoItemProdutoArmamentoTest#naoDevePermitirTipoNulo,
com.fincatto.documentofiscal.nfe310.classes.nota.NFNotaInfoItemProdutoArmamentoTest#deveGerarXMLDeAcordoComOPadraoEstabelecido,
com.fincatto.documentofiscal.nfe310.classes.nota.NFNotaInfoItemImpostoICMSSN900Test#naoDevePermitirValorICMSComTamanhoInvalido,
com.fincatto.documentofiscal.nfe310.classes.nota.NFNotaInfoItemImpostoICMSSN900Test#naoDevePermitirPercentualMargemValorAdicionadoICMSSTComTamanhoInvalido,
com.fincatto.documentofiscal.nfe310.classes.nota.NFNotaInfoItemImpostoICMSSN900Test#naoDevePermitirValorBCICMSSTComTamanhoInvalido,
com.fincatto.documentofiscal.nfe310.classes.nota.NFNotaInfoItemImpostoCOFINSNaoTributavelTest#naoDevePermitirSituacaoTributariaNulo,
com.fincatto.documentofiscal.nfe310.classes.nota.NFNotaInfoCobrancaTest#devePermitirDuplicataNulo,
com.fincatto.documentofiscal.nfe310.classes.nota.NFNotaInfoProcessoReferenciadoTest#naoDevePermitirIndicadorOrigemProcessoNulo,
com.fincatto.documentofiscal.nfe310.classes.nota.NFNotaInfoCobrancaTest#deveGerarXMLDeAcordoComOPadraoEstabelecido,
com.fincatto.documentofiscal.nfe310.classes.nota.NFNotaInfoProcessoReferenciadoTest#naoDevePermitirIdentificadorProcessoOuAtoConcessorioNulo,
com.fincatto.documentofiscal.nfe310.classes.nota.NFNotaInfoCobrancaTest#devePermitirFaturaNulo,
com.fincatto.documentofiscal.nfe310.classes.nota.NFNotaInfoItemImpostoICMSSN900Test#naoDevePermitirPercentualAliquotaImpostoComTamanhoInvalido,
com.fincatto.documentofiscal.nfe310.classes.nota.NFNotaInfoItemImpostoICMSSN900Test#naoDevePermitirPercentualReducaoBCComTamanhoInvalido,
com.fincatto.documentofiscal.nfe310.classes.nota.NFNotaInfoItemImpostoCOFINSNaoTributavelTest#deveGerarXMLDeAcordoComOPadraoEstabelecido,
com.fincatto.documentofiscal.nfe310.classes.nota.NFNotaInfoItemImpostoICMSSN900Test#devePermitirAliquotaImpostoICMSSTNulo,
com.fincatto.documentofiscal.nfe310.classes.nota.NFNotaInfoProcessoReferenciadoTest#deveGerarXMLDeAcordoComOPadraoEstabelecido,
com.fincatto.documentofiscal.nfe310.classes.nota.NFNotaInfoItemImpostoICMSSN900Test#naoDevePermitirAliquotaImpostoICMSSTComTamanhoInvalido,
com.fincatto.documentofiscal.nfe310.classes.nota.NFNotaInfoItemImpostoICMSUFDestinoTest#deveObterPercentualProvisorioPartilhaComoFoiSetado,
com.fincatto.documentofiscal.nfe310.classes.nota.NFNotaInfoItemImpostoICMSSN900Test#devePermitirModalidadeDeterminacaoBCICMSNulo,
com.fincatto.documentofiscal.nfe310.classes.nota.NFNotaInfoItemImpostoICMSSN900Test#deveModalidadeBCICMSSTNulo,
com.fincatto.documentofiscal.nfe310.classes.nota.NFNotaInfoItemImpostoICMSSN900Test#devePermitirValorCreditoICMSSNNulo,
com.fincatto.documentofiscal.nfe310.classes.nota.NFNotaInfoItemImpostoICMSUFDestinoTest#deveObterValorBaseCalculoDestinoComoFoiSetado,
com.fincatto.documentofiscal.nfe310.classes.nota.NFNotaInfoItemImpostoICMSSN900Test#devePermitirPercentualReducaoBCICMSSTNulo,
com.fincatto.documentofiscal.nfe310.classes.nota.NFNotaInfoItemImpostoICMSSN900Test#devePermitirValorBCICMSNulo,
com.fincatto.documentofiscal.nfe310.classes.nota.NFNotaInfoItemImpostoICMSSN900Test#devePermitirPercentualMargemValorAdicionadoICMSSTNulo,
com.fincatto.documentofiscal.nfe310.classes.nota.NFNotaInfoItemImpostoICMSUFDestinoTest#deveObterValorICMSInterestadualDestinoComoFoiSetado,
com.fincatto.documentofiscal.nfe310.classes.nota.NFNotaInfoItemImpostoICMSUFDestinoTest#deveObterValorRelativoFundoCombatePobrezaDestinoComoFoiSetado,
com.fincatto.documentofiscal.nfe310.classes.nota.NFNotaInfoItemImpostoICMSSN900Test#devePermitirAliquotaAplicavelCalculoCreditoSNNulo,
com.fincatto.documentofiscal.nfe310.classes.nota.NFNotaInfoItemImpostoICMSSN900Test#devePermitirPercentualReducaoBCNulo,
com.fincatto.documentofiscal.nfe310.classes.nota.NFNotaInfoItemImpostoICMSSN900Test#devePermitirPercentualAliquotaImpostoNulo,
com.fincatto.documentofiscal.nfe310.classes.nota.NFNotaInfoItemImpostoICMSSN900Test#devePermitirValorBCICMSTNulo,
com.fincatto.documentofiscal.nfe310.classes.nota.NFNotaInfoItemImpostoICMSSN900Test#naoDevePermitirSituacaoOperacaoSNNulo,
com.fincatto.documentofiscal.nfe310.classes.nota.NFNotaInfoItemImpostoICMSSN900Test#naoDevePermitirOrigemNulo,
com.fincatto.documentofiscal.nfe310.classes.nota.NFNotaInfoItemImpostoICMSUFDestinoTest#deveObterPercentualRelativoFundoCombatePobrezaDestinoComoFoiSetado,
com.fincatto.documentofiscal.nfe310.classes.nota.NFNotaInfoItemImpostoICMSSN900Test#deveGerarXMLDeAcordoComOPadraoEstabelecido,
com.fincatto.documentofiscal.nfe310.classes.nota.NFNotaInfoItemImpostoICMSUFDestinoTest#deveObterPercentualInterestadualComoFoiSetado,
com.fincatto.documentofiscal.nfe310.classes.nota.NFNotaInfoItemImpostoICMSUFDestinoTest#deveObterValorICMSInterestadualRemetenteComoFoiSetado,
com.fincatto.documentofiscal.nfe310.classes.nota.NFNotaInfoItemImpostoICMSSN900Test#devePermitirValorICMSSTNulo,
com.fincatto.documentofiscal.nfe310.classes.nota.NFNotaInfoItemImpostoICMSSN900Test#devePermitirValorBCICMSSTNulo,
com.fincatto.documentofiscal.nfe310.classes.nota.NFNotaInfoItemImpostoICMSSN900Test#devePermitirValorICMSNulo,
com.fincatto.documentofiscal.nfe310.classes.nota.NFNotaInfoItemImpostoICMSUFDestinoTest#deveObterPercentualAliquotaInternaDestinoComoFoiSetado,
com.fincatto.documentofiscal.nfe310.classes.nota.NFNotaInfoItemImpostoImportacaoTest#naoDevePermitirValorDespesaAduaneiraTamanhoInvalido,
com.fincatto.documentofiscal.nfe310.classes.nota.NFNotaInfoItemImpostoICMSUFDestinoTest#naoDevePermitirPercentualInterestadualNulo,
com.fincatto.documentofiscal.nfe310.classes.nota.NFNotaInfoItemImpostoICMSUFDestinoTest#naoDevePermitirValorRelativoFundoCombatePobrezaDestinoNulo,
com.fincatto.documentofiscal.nfe310.classes.nota.NFNotaInfoPagamentoTest#deveGerarXMLDeAcordoComOPadraoEstabelecido,
com.fincatto.documentofiscal.nfe310.classes.nota.NFNotaInfoItemImpostoICMSSN201Test#naoDevePermitirPercentualAliquotaAplicavelCalculoCreditoSNComTamanhoInvalido,
com.fincatto.documentofiscal.nfe310.classes.nota.NFNotaInfoItemImpostoImportacaoTest#naoDevePermitirValorBaseCalculoInvalido,
com.fincatto.documentofiscal.nfe310.classes.nota.NFNotaInfoItemImpostoImportacaoTest#naoDevePermitirImpostoImportacaoTamanhoInvalido,
com.fincatto.documentofiscal.nfe310.classes.nota.NFNotaInfoItemImpostoImportacaoTest#naoDevePermitirValorIOFTamanhoInvalido,
com.fincatto.documentofiscal.nfe310.classes.nota.NFNotaInfoItemImpostoICMSSN201Test#naoDevePermitirValorCreditoICMSSNComTamanhoInvalido,
com.fincatto.documentofiscal.nfe310.classes.nota.NFNotaInfoItemImpostoICMSSN201Test#naoDevePermitirPercentualReducaoBCICMSSTComTamanhoInvalido,
com.fincatto.documentofiscal.nfe310.classes.nota.NFNotaInfoItemImpostoICMSSN201Test#naoDevePermitirValorICMSSTComTamanhoInvalido,
com.fincatto.documentofiscal.nfe310.classes.nota.NFNotaInfoItemImpostoICMSUFDestinoTest#deveGerarXMLDeAcordoComOPadraoEstabelecido,
com.fincatto.documentofiscal.nfe310.classes.nota.NFNotaInfoItemImpostoICMSUFDestinoTest#naoDevePermitirValorBaseCalculoDestinoNulo,
com.fincatto.documentofiscal.nfe310.classes.nota.NFNotaInfoItemImpostoICMSUFDestinoTest#naoDevePermitirPercentualAliquotaInternaDestinoNulo,
com.fincatto.documentofiscal.nfe310.classes.nota.NFNotaInfoItemImpostoICMSSN201Test#naoDevePermitirPercentualMargemValorAdicionadoICMSSTComTamanhoInvalido,
com.fincatto.documentofiscal.nfe310.classes.nota.NFNotaInfoItemImpostoICMSUFDestinoTest#naoDevePermitirPercentualRelativoFundoCombatePobrezaDestinoNulo,
com.fincatto.documentofiscal.nfe310.classes.nota.NFNotaInfoItemImpostoICMSSN201Test#naoDevePermitirPercentualAliquotaImpostoICMSSTComTamanhoInvalido,
com.fincatto.documentofiscal.nfe310.classes.nota.NFNotaInfoItemImpostoICMSUFDestinoTest#naoDevePermitirPercentualProvisorioPartilhaNulo,
com.fincatto.documentofiscal.nfe310.classes.nota.NFNotaInfoItemImpostoICMSUFDestinoTest#naoDevePermitirValorICMSInterestadualRemetenteNulo,
com.fincatto.documentofiscal.nfe310.classes.nota.NFNotaInfoItemImpostoICMSSN201Test#naoDevePermitirValorBCICMSSTComTamanhoInvalido,
com.fincatto.documentofiscal.nfe310.classes.nota.NFNotaInfoItemImpostoICMSUFDestinoTest#naoDevePermitirValorICMSInterestadualDestinoNulo,
com.fincatto.documentofiscal.nfe310.classes.nota.NFNotaInfoItemImpostoImportacaoTest#naoDevePermitirValorIOFNulo,
com.fincatto.documentofiscal.nfe310.classes.nota.NFNotaInfoItemImpostoICMSSN201Test#naoDevePermitirValorICMSSTNulo,
com.fincatto.documentofiscal.nfe310.classes.nota.NFNotaInfoItemImpostoImportacaoTest#naoDevePermitirValorDespesaAduaneiraNulo,
com.fincatto.documentofiscal.nfe310.classes.nota.NFNotaInfoItemImpostoImportacaoTest#naoDevePermitirValorBaseCalculoNulo,
com.fincatto.documentofiscal.nfe310.classes.nota.NFNotaInfoPagamentoTest#naoDevePermitirValorPagamentoComTamanhoInvalido,
com.fincatto.documentofiscal.nfe310.classes.nota.NFNotaInfoItemImpostoImportacaoTest#naoDevePermitirImpostoImportacaoNulo,
com.fincatto.documentofiscal.nfe310.classes.nota.NFNotaInfoItemImpostoImportacaoTest#deveGerarXMLDeAcordoComOPadraoEstabelecido,
com.fincatto.documentofiscal.nfe310.classes.nota.NFNotaInfoItemProdutoDeclaracaoImportacaoTest#naoDevePermitirCodigoExportadorComTamanhoInvalido,
com.fincatto.documentofiscal.nfe310.classes.nota.NFNotaInfoItemImpostoICMSSN201Test#devePermitirPercentualMargemValorAdicionadoICMSSTNulo,
com.fincatto.documentofiscal.nfe310.classes.nota.NFNotaInfoItemProdutoDeclaracaoImportacaoTest#naoDevePermitirLocalDesembaracoComTamanhoInvalido,
com.fincatto.documentofiscal.nfe310.classes.nota.NFNotaInfoItemImpostoICMSSN201Test#devePermitirPercentualReducaoBCICMSSTNulo,
com.fincatto.documentofiscal.nfe310.classes.nota.NFNotaInfoItemImpostoICMSSN201Test#naoDevePermitirAliquotaAplicavelCalculoCreditoSNNulo,
com.fincatto.documentofiscal.nfe310.classes.nota.NFNotaInfoItemProdutoDeclaracaoImportacaoTest#naoDevePermitiyrCNPJComTamanhoInvalido,
com.fincatto.documentofiscal.nfe310.classes.nota.NFNotaInfoItemImpostoICMSSN201Test#naoDevePermitirOrigemNulo,
com.fincatto.documentofiscal.nfe310.classes.nota.NFNotaInfoItemImpostoICMSSN201Test#naoDevePermitirPercentualAliquotaImpostoICMSSTNulo,
com.fincatto.documentofiscal.nfe310.classes.nota.NFNotaInfoItemImpostoICMSSN201Test#naoDevePermitirSituacaoOperacaoSNNulo,
com.fincatto.documentofiscal.nfe310.classes.nota.NFNotaInfoItemProdutoDeclaracaoImportacaoTest#naoDevePermitirNumeroRegistroComTamanhoInvalido,
com.fincatto.documentofiscal.nfe310.classes.nota.NFNotaInfoItemImpostoICMSSN201Test#deveGerarXMLDeAcordoComOPadraoEstabelecido,
com.fincatto.documentofiscal.nfe310.classes.nota.NFNotaInfoItemImpostoICMSSN201Test#naoDevePermitirValorBCICMSSTNulo,
com.fincatto.documentofiscal.nfe310.classes.nota.NFNotaInfoItemImpostoICMSSN201Test#naoDevePermitirValorCreditoICMSSNNulo,
com.fincatto.documentofiscal.nfe310.classes.nota.NFOperadoraCartaoTest#deveObterTipoApartirDoSeuCodigo,
com.fincatto.documentofiscal.nfe310.classes.nota.NFOperadoraCartaoTest#deveRepresentarOCodigoCorretamente,
com.fincatto.documentofiscal.nfe310.classes.nota.NFOperadoraCartaoTest#deveObterStringficadoCorretamente,
com.fincatto.documentofiscal.nfe310.classes.nota.NFNotaInfoPagamentoTest#naoDevePermitirValorPagamentoNulo,
com.fincatto.documentofiscal.nfe310.classes.nota.NFNotaInfoItemImpostoICMSSN102Test#naoDevePermitirSituacaoOperacaoSNNulo,
com.fincatto.documentofiscal.nfe310.classes.nota.NFNotaInfoPagamentoTest#devePermitirCartaoNulo,
com.fincatto.documentofiscal.nfe310.classes.nota.NFNotaInfoISSQNTotalTest#devePermitirValoresMonetarioValidos,
com.fincatto.documentofiscal.nfe310.classes.nota.NFNotaInfoItemImpostoICMSSN201Test#naoDevePermitirModalidadeDeterminacaoBCICMSSTNulo,
com.fincatto.documentofiscal.nfe310.classes.nota.NFNotaInfoPagamentoTest#naoDevePermitirFormaPagamentoMoedaNulo,
com.fincatto.documentofiscal.nfe310.classes.nota.NFNotaInfoItemImpostoICMSSN102Test#deveGerarXMLDeAcordoComOPadraoEstabelecido,
com.fincatto.documentofiscal.nfe310.classes.nota.NFNotaInfoItemProdutoDeclaracaoImportacaoTest#naoDevePermitirLocalDesembaracoNulo,
com.fincatto.documentofiscal.nfe310.classes.nota.NFNotaInfoItemImpostoICMSSN102Test#naoDevePermitirOrigemNulo,
com.fincatto.documentofiscal.nfe310.classes.nota.NFNotaInfoISSQNTotalTest#naoDevePermitirValorTotalISSComValorInvalido,
com.fincatto.documentofiscal.nfe310.classes.nota.NFNotaInfoItemProdutoDeclaracaoImportacaoTest#devePermitirUfTerceiroNulo,
com.fincatto.documentofiscal.nfe310.classes.nota.NFNotaInfoItemProdutoDeclaracaoImportacaoTest#naoDevePermitirUFDesembaracoNulo,
com.fincatto.documentofiscal.nfe310.classes.nota.NFNotaInfoItemProdutoDeclaracaoImportacaoTest#naoDevePermitirDataDesembaracoNulo,
com.fincatto.documentofiscal.nfe310.classes.nota.NFNotaInfoItemProdutoDeclaracaoImportacaoTest#naoDevePermitirNumeroRegistroNulo,
com.fincatto.documentofiscal.nfe310.classes.nota.NFNotaInfoItemProdutoDeclaracaoImportacaoTest#devePermitirCnpjNulo,
com.fincatto.documentofiscal.nfe310.classes.nota.NFNotaInfoISSQNTotalTest#naoDevePermitirValorPISsobreServicosInvalido,
com.fincatto.documentofiscal.nfe310.classes.nota.NFNotaInfoISSQNTotalTest#naoDevePermitirCalculoINSSComValorInvalido,
com.fincatto.documentofiscal.nfe310.classes.nota.NFNotaInfoItemProdutoDeclaracaoImportacaoTest#devePermitirValorAFRMMNulo,
com.fincatto.documentofiscal.nfe310.classes.nota.NFNotaInfoISSQNTotalTest#naoDevePermitirValorCOFINSsobreServicosInvalido,
com.fincatto.documentofiscal.nfe310.classes.nota.NFNotaInfoISSQNTotalTest#naoDevePermitirValorTotalServicosSobNaoIncidenciaNaoTributadosICMSComValorInvalido,
com.fincatto.documentofiscal.nfe310.classes.nota.NFNotaInfoItemProdutoDeclaracaoImportacaoTest#naoDevePermitirFormaImportacaoNulo,
com.fincatto.documentofiscal.nfe310.classes.nota.NFNotaInfoItemProdutoDeclaracaoImportacaoTest#deveGerarXMLDeAcordoComOPadraoEstabelecido,
com.fincatto.documentofiscal.nfe310.classes.nota.NFNotaInfoItemProdutoDeclaracaoImportacaoTest#naoDevePermitirDataRegistroNulo,
com.fincatto.documentofiscal.nfe310.classes.nota.NFNotaInfoItemProdutoDeclaracaoImportacaoTest#naoDevePermitirCodigoExportadorNulo,
com.fincatto.documentofiscal.nfe310.classes.nota.NFNotaInfoItemProdutoDeclaracaoImportacaoTest#naoDevePermitirTransporteInternacionalNulo,
com.fincatto.documentofiscal.nfe310.classes.nota.NFNotaInfoItemProdutoDeclaracaoImportacaoTest#naoDevePermitirAdicoesNulo,
com.fincatto.documentofiscal.nfe310.classes.nota.NFNotaInfoISSQNTotalTest#devePermitirValorTotalRetencaoISSNulo,
com.fincatto.documentofiscal.nfe310.classes.nota.NFNotaInfoISSQNTotalTest#devePermitirTributacaoNulo,
com.fincatto.documentofiscal.nfe310.classes.nota.NFNotaInfoItemImpostoICMSPartilhadoTest#naoDevePermitirPercentualReducaoBCICMSSTComTamanhoInvalido,
com.fincatto.documentofiscal.nfe310.classes.nota.NFNotaInfoISSQNTotalTest#devePermitirPISNulo,
com.fincatto.documentofiscal.nfe310.classes.nota.NFNotaInfoISSQNTotalTest#devePermitirCOFINSSobreServicosNulo,
com.fincatto.documentofiscal.nfe310.classes.nota.NFNotaInfoItemImpostoICMSPartilhadoTest#naoDevePermitirValorICMSSTComTamanhoInvalido,
com.fincatto.documentofiscal.nfe310.classes.nota.NFNotaInfoISSQNTotalTest#devePermitirValorTotalDescontoCondicionadoNulo,
com.fincatto.documentofiscal.nfe310.classes.nota.NFNotaInfoISSQNTotalTest#deveGerarXMLDeAcordoComOPadraoEstabelecidoComVagao,
com.fincatto.documentofiscal.nfe310.classes.nota.NFNotaInfoItemImpostoICMSPartilhadoTest#naoDevePermitirValorBCICMSComTamanhoInvalido,
com.fincatto.documentofiscal.nfe310.classes.nota.NFNotaInfoItemImpostoICMSPartilhadoTest#naoDevePermitirPercentualMargemValorAdicionadoICMSSTComTamanhoInvalido,
com.fincatto.documentofiscal.nfe310.classes.nota.NFNotaInfoItemImpostoICMSPartilhadoTest#naoDevePermitirPercentualAliquotaImpostoICMSSTComTamanhoInvalido,
com.fincatto.documentofiscal.nfe310.classes.nota.NFNotaInfoISSQNTotalTest#deverPermitirTotalServicosSobNaoIncidenciaNaoTributadosICMSNulo,
com.fincatto.documentofiscal.nfe310.classes.nota.NFNotaInfoISSQNTotalTest#devePermitirValorTotalDescontoIncondicionadoNulo,
com.fincatto.documentofiscal.nfe310.classes.nota.NFNotaInfoISSQNTotalTest#devePermitirValorDeducaoNulo,
com.fincatto.documentofiscal.nfe310.classes.nota.NFNotaInfoItemImpostoICMSPartilhadoTest#naoDevePermitirValorICMSComTamanhoInvalido,
com.fincatto.documentofiscal.nfe310.classes.nota.NFNotaInfoISSQNTotalTest#devePermitirBaseCalculoISSNulo,
com.fincatto.documentofiscal.nfe310.classes.nota.NFNotaInfoISSQNTotalTest#naoDeverPermitirDataPrestacaoServicoNulo,
com.fincatto.documentofiscal.nfe310.classes.nota.NFNotaInfoISSQNTotalTest#devePermitirISSNulo,
com.fincatto.documentofiscal.nfe310.classes.nota.NFImpostoDevolvidoTest#naoDevePermitirValorIPIDevolvidoNula,
com.fincatto.documentofiscal.nfe310.classes.nota.NFImpostoDevolvidoTest#deveGerarXMLDeAcordoComOPadraoEstabelecido,
com.fincatto.documentofiscal.nfe310.classes.nota.NFNotaInfoItemImpostoICMSPartilhadoTest#naoDevePermitirValorBCICMSSTComTamanhoInvalido,
com.fincatto.documentofiscal.nfe310.classes.nota.NFNotaInfoItemImpostoICMSPartilhadoTest#naoDevePermitirPercentualAliquotaImpostoNulo,
com.fincatto.documentofiscal.nfe310.classes.nota.NFNotaInfoItemImpostoICMSPartilhadoTest#naoDevePermitirValorICMSSTNulo,
com.fincatto.documentofiscal.nfe310.classes.nota.NFImpostoDevolvidoTest#naoDevePermitirImportacaoPIPDevolvidaNula,
com.fincatto.documentofiscal.nfe310.classes.nota.NFNotaInfoISSQNTotalTest#devePermitirValorOutrosNulo,
com.fincatto.documentofiscal.nfe310.classes.nota.NFNotaInfoItemImpostoICMSPartilhadoTest#naoDevePermitirUfICMSSTNulo,
com.fincatto.documentofiscal.nfe310.classes.nota.NFImpostoDevolvidoTest#naoDevePermitirPercentualDevolucaoNula,
com.fincatto.documentofiscal.nfe310.classes.nota.NFNotaInfoItemImpostoICMSPartilhadoTest#naoDevePermitirPercentualAliquotaImpostoComTamanhoInvalido,
com.fincatto.documentofiscal.nfe310.classes.nota.NFNotaInfoItemImpostoICMSPartilhadoTest#naoDevePermitirPercentualBCOperacaoPropriaComTamanhoInvalido,
com.fincatto.documentofiscal.nfe310.classes.nota.NFNotaInfoItemImpostoICMSPartilhadoTest#naoDevePermitirPercentualReducaoBCComTamanhoInvalido,
com.fincatto.documentofiscal.nfe310.classes.nota.NFNotaInfoItemImpostoICMS90Test#naoDevePermitirPercentualReducaoBCICMSST,
com.fincatto.documentofiscal.nfe310.classes.nota.NFNotaInfoItemImpostoICMS90Test#naoDevePermitirPercentualAliquotaImpostoICMSST,
com.fincatto.documentofiscal.nfe310.classes.nota.NFNotaInfoItemImpostoICMS90Test#naoDevePermitirValorBCTamanhoInvalido,
com.fincatto.documentofiscal.nfe310.classes.nota.NFNotaInfoItemImpostoICMSPartilhadoTest#devePermitirPercentualMargemValorAdicionadoICMSSTNulo,
com.fincatto.documentofiscal.nfe310.classes.nota.NFNotaInfoItemImpostoICMSPartilhadoTest#naoDevePermitirValorBCICMSSTNulo,
com.fincatto.documentofiscal.nfe310.classes.nota.NFNotaInfoItemImpostoICMSPartilhadoTest#devePermitirPercentualReducaoBCICMSSTNulo,
com.fincatto.documentofiscal.nfe310.classes.nota.NFNotaInfoItemImpostoICMSPartilhadoTest#naoDevePermitirSituacaoTributariaNulo,
com.fincatto.documentofiscal.nfe310.classes.nota.NFNotaInfoItemImpostoICMSPartilhadoTest#naoDevePermitirModalidadeDeterminacaoBCICMSNulo,
com.fincatto.documentofiscal.nfe310.classes.nota.NFNotaInfoItemImpostoICMSPartilhadoTest#naoDevePermitirValorBCICMSNulo,
com.fincatto.documentofiscal.nfe310.classes.nota.NFNotaInfoItemImpostoICMSPartilhadoTest#devePermitirPercentualReducaoBCNulo,
com.fincatto.documentofiscal.nfe310.classes.nota.NFNotaInfoItemImpostoICMSPartilhadoTest#naoDevePermitirValorICMSNulo,
com.fincatto.documentofiscal.nfe310.classes.nota.NFNotaInfoItemImpostoICMS90Test#naoDevePermitirPercentualReducaoBC,
com.fincatto.documentofiscal.nfe310.classes.nota.NFNotaInfoItemImpostoICMS90Test#naoDevePermitirPercentualMargemValorAdicionadoICMSST,
com.fincatto.documentofiscal.nfe310.classes.nota.NFNotaInfoItemImpostoICMSPartilhadoTest#naoDevePermitirPercentualAliquotaImpostoICMSSTNulo,
com.fincatto.documentofiscal.nfe310.classes.nota.NFNotaInfoItemImpostoICMSPartilhadoTest#naoDevePermitirPercentualBCOperacaoPropriaNulo,
com.fincatto.documentofiscal.nfe310.classes.nota.NFNotaInfoItemImpostoICMS90Test#naoDevePermitirPercentualAliquota,
com.fincatto.documentofiscal.nfe310.classes.nota.NFNotaInfoItemImpostoICMSPartilhadoTest#deveGerarXMLDeAcordoComOPadraoEstabelecido,
com.fincatto.documentofiscal.nfe310.classes.nota.NFNotaInfoItemImpostoICMS90Test#naoDevePermitirValorBCSTTamanhoInvalido,
com.fincatto.documentofiscal.nfe310.classes.nota.NFNotaInfoItemImpostoICMSPartilhadoTest#naoDevePermitirOrigemNulo,
com.fincatto.documentofiscal.nfe310.classes.nota.NFNotaInfoItemImpostoICMSPartilhadoTest#naoDevePermitirModalidadeBCICMSSTNulo,
com.fincatto.documentofiscal.nfe310.classes.nota.NFNotaInfoItemImpostoICMS90Test#naoDevePermitirValorTributoTamanhoInvalido,
com.fincatto.documentofiscal.nfe310.classes.nota.NFModalidadeFreteTest#deveRetornarNuloAoPassarCodigoInvalido,
com.fincatto.documentofiscal.nfe310.classes.nota.NFNotaInfoItemImpostoICMS90Test#devePermitirValorBCSTNulo,
com.fincatto.documentofiscal.nfe310.classes.nota.NFNotaInfoItemImpostoICMS90Test#devePermitirValorBCNulo,
com.fincatto.documentofiscal.nfe310.classes.nota.NFModalidadeFreteTest#deveRetornarModalidadeFreteAoPassarCodigoValido,
com.fincatto.documentofiscal.nfe310.classes.nota.NFNotaInfoItemImpostoICMS90Test#naoDevePermitirValorICMSSTTamanhoInvalido,
com.fincatto.documentofiscal.nfe310.classes.nota.NFNotaInfoItemImpostoICMS90Test#devePermitirPercentualReducaoBCICMSSTNulo,
com.fincatto.documentofiscal.nfe310.classes.nota.NFOperacaoConsumidorFinalTest#deveObterTipoApartirDoSeuCodigo,
com.fincatto.documentofiscal.nfe310.classes.nota.NFOperacaoConsumidorFinalTest#deveObterStringficadoCorretamente,
com.fincatto.documentofiscal.nfe310.classes.nota.NFNotaInfoItemImpostoICMS90Test#devePermitirICMSDesoneracaoNulo,
com.fincatto.documentofiscal.nfe310.classes.nota.NFOperacaoConsumidorFinalTest#deveRepresentarOCodigoCorretamente,
com.fincatto.documentofiscal.nfe310.classes.nota.NFNotaInfoItemImpostoICMSSN101Test#naoDevePermitirPercentualAliquotaAplicavelCalculoCreditoSNComTamanhoInvalido,
com.fincatto.documentofiscal.nfe310.classes.nota.NFNotaInfoItemImpostoICMS90Test#devePermitirPercentualAliquotaNulo,
com.fincatto.documentofiscal.nfe310.classes.nota.NFNotaInfoItemImpostoICMSSN101Test#naoDevePermitirValorCreditoICMSSNComTamanhoInvalido,
com.fincatto.documentofiscal.nfe310.classes.nota.NFNotaInfoItemImpostoICMS90Test#devePermitirValorTributoNulo,
com.fincatto.documentofiscal.nfe310.classes.nota.NFNotaInfoRetencaoICMSTransporteTest#devePermitirCFOPValorValido,
com.fincatto.documentofiscal.nfe310.classes.nota.NFNotaInfoItemImpostoICMS90Test#devePermitirPercentualMargemValorAdicionadoICMSSTNulo,
com.fincatto.documentofiscal.nfe310.classes.nota.NFNotaInfoItemImpostoICMS90Test#devePermitirPercentualReducaoBCNulo,
com.fincatto.documentofiscal.nfe310.classes.nota.NFNotaInfoRetencaoICMSTransporteTest#naoDevePermitirCodigoMunicipioOcorrenciaFatoGeradorICMSTransporteInvalido,
com.fincatto.documentofiscal.nfe310.classes.nota.NFNotaInfoRetencaoICMSTransporteTest#naoDevePermitirBCRetencaoICMSTamanhoInvalido,
com.fincatto.documentofiscal.nfe310.classes.nota.NFNotaInfoItemImpostoICMS90Test#devePermitirModalidadeDeterminacaoBCICMSSTNulo,
com.fincatto.documentofiscal.nfe310.classes.nota.NFNotaInfoItemImpostoICMS90Test#devePermitirModalidadeBCNulo,
com.fincatto.documentofiscal.nfe310.classes.nota.NFNotaInfoRetencaoICMSTransporteTest#naoDevePermitirValorServicoTamanhoInvalido,
com.fincatto.documentofiscal.nfe310.classes.nota.NFNotaInfoRetencaoICMSTransporteTest#devePermitirAliquotaRetencaoTamanhoValido,
com.fincatto.documentofiscal.nfe310.classes.nota.NFNotaInfoRetencaoICMSTransporteTest#devePermitirCodigoMunicipioOcorrenciaFatoGeradorICMSTransporteValido,
com.fincatto.documentofiscal.nfe310.classes.nota.NFNotaInfoItemImpostoICMS90Test#naoDevePermitirSituacaoTributariaNulo,
com.fincatto.documentofiscal.nfe310.classes.nota.NFNotaInfoRetencaoICMSTransporteTest#deveObterValorICMSRetidoComoFoiSetado,
com.fincatto.documentofiscal.nfe310.classes.nota.NFNotaInfoRetencaoICMSTransporteTest#devePermitirValorICMSRetidoValorServicoTamanhoValido,
com.fincatto.documentofiscal.nfe310.classes.nota.NFNotaInfoItemImpostoICMS90Test#devePermitirPercentualAliquotaImpostoICMSSTNulo,
com.fincatto.documentofiscal.nfe310.classes.nota.NFNotaInfoRetencaoICMSTransporteTest#deveObterAliquotaRetencaoComoFoiSetado,
com.fincatto.documentofiscal.nfe310.classes.nota.NFNotaInfoItemImpostoICMS90Test#deveGerarXMLDeAcordoComOPadraoEstabelecido,
com.fincatto.documentofiscal.nfe310.classes.nota.NFNotaInfoItemImpostoICMS90Test#naoDevePermitirOrigemNulo,
com.fincatto.documentofiscal.nfe310.classes.nota.NFNotaInfoRetencaoICMSTransporteTest#deveObterCfopComoFoiSetado,
com.fincatto.documentofiscal.nfe310.classes.nota.NFNotaInfoRetencaoICMSTransporteTest#naoDevePermitirAliquotaRetencaoTamanhoValido,
com.fincatto.documentofiscal.nfe310.classes.nota.NFNotaInfoRetencaoICMSTransporteTest#devePermitirValorICMSRetidoTamanhoValido,
com.fincatto.documentofiscal.nfe310.classes.nota.NFNotaInfoRetencaoICMSTransporteTest#naoDevePermitirCFOPValorInvalido,
com.fincatto.documentofiscal.nfe310.classes.nota.NFNotaInfoItemImpostoICMS90Test#devePermitirValorICMSSTNulo,
com.fincatto.documentofiscal.nfe310.classes.nota.NFNotaInfoItemImpostoICMSSN101Test#naoDevePermitirValorCreditoICMSSNNulo,
com.fincatto.documentofiscal.nfe310.classes.nota.NFNotaInfoItemImpostoICMSSN101Test#naoDevePermitiOrigemNulo,
com.fincatto.documentofiscal.nfe310.classes.nota.NFNotaInfoItemImpostoICMS90Test#devePermitirDenoracaoNulo,
com.fincatto.documentofiscal.nfe310.classes.nota.NFNotaInfoRetencaoICMSTransporteTest#deveObterCodigoMunicioOcorrenciaFatoGeradorICMSTransporteComoFoiSetado,
com.fincatto.documentofiscal.nfe310.classes.nota.NFNotaInfoRetencaoICMSTransporteTest#deveObterBcRetencaoICMSComoFoiSetado,
com.fincatto.documentofiscal.nfe310.classes.nota.NFNotaInfoRetencaoICMSTransporteTest#devePermitirValorBXRetencaoICMSTamanhoValido,
com.fincatto.documentofiscal.nfe310.classes.nota.NFNotaInfoRetencaoICMSTransporteTest#naoDevePermitirValorICMSRetidoTamanhoInvalido,
com.fincatto.documentofiscal.nfe310.classes.nota.NFNotaInfoItemImpostoICMSSN101Test#naoDevePermitirCodigoSituacaoOperacaoSNNulo,
com.fincatto.documentofiscal.nfe310.classes.nota.NFNotaInfoItemImpostoICMSSN101Test#naoDevePermitirPercentualAliquotaAplicavelCalculoCreditoSNNulo,
com.fincatto.documentofiscal.nfe310.classes.nota.NFNotaInfoItemImpostoICMSSN101Test#deveGerarXMLDeAcordoComOPadraoEstabelecido,
com.fincatto.documentofiscal.nfe310.classes.nota.NFNotaInfoRetencaoICMSTransporteTest#deveObterValorServicoComoFoiSetado,
com.fincatto.documentofiscal.nfe310.classes.nota.NFNotaInfoCompraTest#naoDevePermitirContratoComTamanhoNaoPermitido,
com.fincatto.documentofiscal.nfe310.classes.nota.NFNotaInfoEmitenteTest#naoDevePermitirCNPJSetadoQuandoCPFEstaSetado,
com.fincatto.documentofiscal.nfe310.classes.nota.NFNotaInfoCompraTest#naoDevePermitirNotaDeEmpenhoComTamanhoNaoPermitido,
com.fincatto.documentofiscal.nfe310.classes.nota.NFNotaInfoRetencaoICMSTransporteTest#naoDevePermitirValorServicoNulo,
com.fincatto.documentofiscal.nfe310.classes.nota.NFNotaInfoEmitenteTest#naoDevePermitirCNPJComTamanhoInvalido,
com.fincatto.documentofiscal.nfe310.classes.nota.NFNotaInfoCompraTest#naoDevePermitirPedidoComTamanhoNaoPermitido,
com.fincatto.documentofiscal.nfe310.classes.nota.NFNotaInfoEmitenteTest#naoDevePermitirNomeFantasiaTamanhoInvalido,
com.fincatto.documentofiscal.nfe310.classes.nota.NFNotaInfoEmitenteTest#naoDevePermitirCPFComTamanhoInvalido,
com.fincatto.documentofiscal.nfe310.classes.nota.NFGeraQRCodeTest#geraSHA1,
com.fincatto.documentofiscal.nfe310.classes.nota.NFTipoIntegracaoPagamentoTest#deveObterTipoApartirDoSeuCodigo,
com.fincatto.documentofiscal.nfe310.classes.nota.NFNotaInfoEmitenteTest#naoDevePermitirRazoaSocialTamanhoInvalido,
com.fincatto.documentofiscal.nfe310.classes.nota.NFNotaInfoRetencaoICMSTransporteTest#naoDevePermitirCodigoMunicipioOcorrenciaFatoGeradorICMSTransporteNulo,
com.fincatto.documentofiscal.nfe310.classes.nota.NFNotaInfoEmitenteTest#naoDevePermitirCPFSetadoQuandoCNPJEstaSetado,
com.fincatto.documentofiscal.nfe310.classes.nota.NFTipoIntegracaoPagamentoTest#deveRepresentarOCodigoCorretamente,
com.fincatto.documentofiscal.nfe310.classes.nota.NFTipoIntegracaoPagamentoTest#deveObterStringficadoCorretamente,
com.fincatto.documentofiscal.nfe310.classes.nota.NFNotaInfoRetencaoICMSTransporteTest#naoDevePermitirBcRetencaOICMSNulo,
com.fincatto.documentofiscal.nfe310.classes.nota.NFGeraQRCodeTest#geraQRCodeConformeEsperado,
com.fincatto.documentofiscal.nfe310.classes.nota.NFNotaInfoItemExportacaoIndiretaTest#deveObterNumeroRegistroExportacaoComoFoiSetado,
com.fincatto.documentofiscal.nfe310.classes.nota.NFNotaInfoLacreTest#naoDevePermitirNumeroLacreComTamanhoInvalido,
com.fincatto.documentofiscal.nfe310.classes.nota.NFNotaInfoRetencaoICMSTransporteTest#deveGerarXMLDeAcordoComOPadraoEstabelecido,
com.fincatto.documentofiscal.nfe310.classes.nota.NFNotaInfoRetencaoICMSTransporteTest#naoDevePermitirCfopNulo,
com.fincatto.documentofiscal.nfe310.classes.nota.NFNotaInfoCompraTest#deveGerarXMLSemPedido,
com.fincatto.documentofiscal.nfe310.classes.nota.NFNotaInfoItemExportacaoIndiretaTest#naoDevePermitirQuantidadeIemEfetivamenteExportadoComTamanhoInvalido,
com.fincatto.documentofiscal.nfe310.classes.nota.NFNotaInfoRetencaoICMSTransporteTest#naoDevePermitirValorICMSRetidoNulo,
com.fincatto.documentofiscal.nfe310.classes.nota.NFNotaInfoRetencaoICMSTransporteTest#naoDevePermitirAliquotaRetencaoNulo,
com.fincatto.documentofiscal.nfe310.classes.nota.NFNotaInfoVeiculoTest#naoDevePermitirPlacaFormatoInvalido,
com.fincatto.documentofiscal.nfe310.classes.nota.NFNotaInfoEmitenteTest#naoDevePermitirRazaoSocialNulo,
com.fincatto.documentofiscal.nfe310.classes.nota.NFNotaInfoEmitenteTest#naoDevePermitirRegimeTributarioNulo,
com.fincatto.documentofiscal.nfe310.classes.nota.NFNotaInfoItemExportacaoIndiretaTest#naoDevePermitirNumeroRegistroExportacaoComTamanhoInvalido,
com.fincatto.documentofiscal.nfe310.classes.nota.NFNotaInfoCompraTest#deveGerarXMLSemContrato,
com.fincatto.documentofiscal.nfe310.classes.nota.NFNotaInfoItemExportacaoIndiretaTest#deveObterQuantidadeItemEfetivamenteExportadoComoFoiSetado,
com.fincatto.documentofiscal.nfe310.classes.nota.NFNotaInfoCompraTest#deveGerarXMLDeAcordoComOPadraoEstabelecido,
com.fincatto.documentofiscal.nfe310.classes.nota.NFNotaInfoCompraTest#deveGerarXMLSemNotaDeEmpenho,
com.fincatto.documentofiscal.nfe310.classes.nota.NFNotaInfoItemExportacaoIndiretaTest#deveObterChaveAcessoNFeComoFoiSetado,
com.fincatto.documentofiscal.nfe310.classes.nota.NFNotaInfoEmitenteTest#devePermitirCnpjNulo,
com.fincatto.documentofiscal.nfe310.classes.nota.NFNotaInfoEmitenteTest#devePermitirClassificacaoNacionalAtividadesEconomicasNulo,
com.fincatto.documentofiscal.nfe310.classes.nota.NFNotaInfoVeiculoTest#naoDevePermitirRNCTComTamanhoInvalido,
com.fincatto.documentofiscal.nfe310.classes.nota.NFNotaInfoEmitenteTest#deveGerarXMLDeAcordoComOPadraoEstabelecido,
com.fincatto.documentofiscal.nfe310.classes.nota.NFNotaInfoEmitenteTest#devePermitirNomeFantasiaNulo,
com.fincatto.documentofiscal.nfe310.classes.nota.NFNotaInfoEmitenteTest#devePermitirCpfNulo,
com.fincatto.documentofiscal.nfe310.classes.nota.NFNotaInfoEmitenteTest#devePermitirInscricaoMunicipalNulo,
com.fincatto.documentofiscal.nfe310.classes.nota.NFNotaInfoImpostoTributacaoISSQNTest#deveRetornarNuloAoPassarCodigoInvalido,
com.fincatto.documentofiscal.nfe310.classes.nota.NFNotaInfoImpostoTributacaoISSQNTest#deveRetornarTributacaoISSQNaoPassarCodigoValido,
com.fincatto.documentofiscal.nfe310.classes.nota.NFNotaInfoLacreTest#naoDevePermitirNumeroLacreNulo,
com.fincatto.documentofiscal.nfe310.classes.nota.NFNotaInfoEmitenteTest#naoDevePermitirInscricaoEstadualNulo,
com.fincatto.documentofiscal.nfe310.classes.nota.NFNotaInfoEmitenteTest#devePermitirInscricaoEstadualSubstituicaoTributariaNulo,
com.fincatto.documentofiscal.nfe310.classes.nota.NFNotaInfoLacreTest#deveGerarXMLDeAcordoComOPadraoEstabelecido,
com.fincatto.documentofiscal.nfe310.classes.nota.NFNotaInfoItemExportacaoIndiretaTest#deveGerarXMLDeAcordoComOPadraoEstabelecidoComVagao,
com.fincatto.documentofiscal.nfe310.classes.nota.NFNotaInfoIdentificacaoTest#naoDevePermitirCodigoRandomicoComTamanhoInvalido,
com.fincatto.documentofiscal.nfe310.classes.nota.NFNotaInfoItemExportacaoIndiretaTest#naoDevePermitirNumeroRegistroExportacaoNulo,
com.fincatto.documentofiscal.nfe310.classes.nota.NFNotaInfoItemExportacaoIndiretaTest#naoDevePermitirQuantidadeItemEfetivamenteExportadoNulo,
com.fincatto.documentofiscal.nfe310.classes.nota.NFNotaInfoItemExportacaoIndiretaTest#naoDevePermitirChaveAcessoNFeNulo,
com.fincatto.documentofiscal.nfe310.classes.nota.NFNotaInfoIdentificacaoTest#naoDevePermitirJustificativaEntradaContingenciaComTamanhoInvalido,
com.fincatto.documentofiscal.nfe310.classes.nota.NFNotaInfoIdentificacaoTest#naoDevePermitirNaturezaOperacaoComTamanhoInvalido,
com.fincatto.documentofiscal.nfe310.classes.nota.NFNotaInfoIdentificacaoTest#naoDevePermitirCodigoMunicipioComTamanhoInvalido,
com.fincatto.documentofiscal.nfe310.classes.nota.NFNotaInfoVeiculoTest#devePermitirRNCTNulo,
com.fincatto.documentofiscal.nfe310.classes.nota.NFNotaInfoIdentificacaoTest#naoDevePermitirVersaoEmissorComTamanhoInvalido,
com.fincatto.documentofiscal.nfe310.classes.nota.NFNotaInfoVeiculoTest#naoDevePermitirPlacaNulo,
com.fincatto.documentofiscal.nfe310.classes.nota.NFNotaInfoIdentificacaoTest#naoDevePermitirSerieComTamanhoInvalido,
com.fincatto.documentofiscal.nfe310.classes.nota.NFNotaInfoIdentificacaoTest#naoDevePermitirNumeroNotaComTamanhoInvalido,
com.fincatto.documentofiscal.nfe310.classes.nota.NFNotaInfoItemImpostoPISNaoTributadoTest#naoDevePermitirSituacaoTributariaNulo,
com.fincatto.documentofiscal.nfe310.classes.nota.NFNotaInfoVeiculoTest#deveGerarXMLDeAcordoComOPadraoEstabelecido,
com.fincatto.documentofiscal.nfe310.classes.nota.NFNotaInfoVeiculoTest#naoDevePermitirUFNulo,
com.fincatto.documentofiscal.nfe310.classes.nota.NFNotaInfoIdentificacaoTest#naoDevePermitirDigitoVerificadorComTamanhoInvalido,
com.fincatto.documentofiscal.nfe310.classes.nota.NFNotaInfoItemImpostoPISNaoTributadoTest#deveGerarXMLDeAcordoComOPadraoEstabelecido,
com.fincatto.documentofiscal.nfe310.classes.nota.NFNotaInfoIdentificacaoTest#devePermitirReferenciadasComTamanhoInvalido,
com.fincatto.documentofiscal.nfe310.classes.nota.NFNotaInfoIdentificacaoTest#naoDevePermitirReferenciadasComTamanhoInvalido,
com.fincatto.documentofiscal.nfe310.classes.nota.NFNotaInfoIdentificacaoTest#naoDevePermitirAmbienteNulo,
com.fincatto.documentofiscal.nfe310.classes.nota.NFNotaInfoItemImpostoIPITributadoTest#naoDevePermitirPercentualAliquotaComTamanhoInvalido,
com.fincatto.documentofiscal.nfe310.classes.nota.NFNotaInfoIdentificacaoTest#naoDevePermitirDataEmissaoNulo,
com.fincatto.documentofiscal.nfe310.classes.nota.NFNotaInfoItemImpostoIPITributadoTest#naoDevePermitirSetarQuantidadeCasoPercentualAliquotaOuValorBaseCalculoEstejaSetado,
com.fincatto.documentofiscal.nfe310.classes.nota.NFNotaInfoIdentificacaoTest#naoDevePermitirOperacaoConsumidorFinalNulo,
com.fincatto.documentofiscal.nfe310.classes.nota.NFNotaInfoItemImpostoIPITributadoTest#naoDevePermitirValorlTributoComTamanhoInvalido,
com.fincatto.documentofiscal.nfe310.classes.nota.NFNotaInfoItemImpostoIPITributadoTest#naoDevePermitirValorBaseCalculoComTamanhoInvalido,
com.fincatto.documentofiscal.nfe310.classes.nota.NFNotaInfoIdentificacaoTest#devePermitirDataSaidaNulo,
com.fincatto.documentofiscal.nfe310.classes.nota.NFNotaInfoIdentificacaoTest#naoDevePermitirNumeroNotaNulo,
com.fincatto.documentofiscal.nfe310.classes.nota.NFNotaInfoIdentificacaoTest#naoDevePermitirSerieNulo,
com.fincatto.documentofiscal.nfe310.classes.nota.NFNotaInfoIdentificacaoTest#naoDevePermitirDigitoVerificadorNulo,
com.fincatto.documentofiscal.nfe310.classes.nota.NFNotaInfoItemImpostoIPITributadoTest#naoDevePermitirQuantidadeComTamanhoInvalido,
com.fincatto.documentofiscal.nfe310.classes.nota.NFNotaInfoIdentificacaoTest#naoDevePermitirTipoNulo,
com.fincatto.documentofiscal.nfe310.classes.nota.NFNotaInfoIdentificacaoTest#naoDevePermitirTipoEmissaoNulo,
com.fincatto.documentofiscal.nfe310.classes.nota.NFNotaInfoIdentificacaoTest#naoDevePermitirFinalidadeNulo,
com.fincatto.documentofiscal.nfe310.classes.nota.NFNotaInfoItemImpostoIPITributadoTest#naoDevePermitirSetarPercentualAliquotaCasoQuantidadeOuValorUnidadeTributavelEstejaSetado,
com.fincatto.documentofiscal.nfe310.classes.nota.NFNotaInfoCanaFornecimentoDiarioTest#devePermitirDiaValido,
com.fincatto.documentofiscal.nfe310.classes.nota.NFNotaInfoItemImpostoIPITributadoTest#naoDevePermitirSetarValorUnidadeTributavelCasoPercentualAliquotaOuValorBaseCalculoEstejaSetado,
com.fincatto.documentofiscal.nfe310.classes.nota.NFNotaInfoIdentificacaoTest#naoDevePermitirProgramaEmissorNulo,
com.fincatto.documentofiscal.nfe310.classes.nota.NFNotaInfoIdentificacaoTest#naoDevePermitirCodigoMunicipioNulo,
com.fincatto.documentofiscal.nfe310.classes.nota.NFNotaInfoItemImpostoIPITributadoTest#naoDevePermitirSetarValorBaseCalculoCasoQuantidadeOuValorUnidadeTributavelEstejaSetado,
com.fincatto.documentofiscal.nfe310.classes.nota.NFNotaInfoIdentificacaoTest#naoDevePermitirIndicadorPresencaCompradorNulo,
com.fincatto.documentofiscal.nfe310.classes.nota.NFNotaInfoIdentificacaoTest#naoDevePermitirTipoImpressaoNulo,
com.fincatto.documentofiscal.nfe310.classes.nota.NFNotaInfoIdentificacaoTest#naoDevePermitirIdentificadorLocalDestinoOperacaoNulo,
com.fincatto.documentofiscal.nfe310.classes.nota.NFNotaInfoTest#naoDevePermitirEmitenteNulo,
com.fincatto.documentofiscal.nfe310.classes.nota.NFNotaInfoCanaFornecimentoDiarioTest#naoDevePermitirDiaMenor1,
com.fincatto.documentofiscal.nfe310.classes.nota.NFNotaInfoIdentificacaoTest#naoDevePermitirModeloNulo,
com.fincatto.documentofiscal.nfe310.classes.nota.NFNotaInfoCanaFornecimentoDiarioTest#naoDevePermitirDiaAcima31,
com.fincatto.documentofiscal.nfe310.classes.nota.NFNotaInfoIdentificacaoTest#devePermitirJustificativaEntradaContingenciaNulo,
com.fincatto.documentofiscal.nfe310.classes.nota.NFNotaInfoIdentificacaoTest#deveGerarXMLDeAcordoComOPadraoEstabelecido,
com.fincatto.documentofiscal.nfe310.classes.nota.NFNotaInfoIdentificacaoTest#naoDevePermitirCodigoRandomicoNulo,
com.fincatto.documentofiscal.nfe310.classes.nota.NFNotaInfoIdentificacaoTest#devePermitirDataHoraContigenciaNulo,
com.fincatto.documentofiscal.nfe310.classes.nota.NFNotaInfoIdentificacaoTest#naoDevePermitirNaturezaOperacaoNulo,
com.fincatto.documentofiscal.nfe310.classes.nota.NFNotaInfoIdentificacaoTest#naoDevePermitirFormaPagamentoNulo,
com.fincatto.documentofiscal.nfe310.classes.nota.NFNotaInfoItemImpostoTest#deveObterCofinsstComoFoiSetado,
com.fincatto.documentofiscal.nfe310.classes.nota.NFNotaInfoIdentificacaoTest#devePermitirReferenciadasNulo,
com.fincatto.documentofiscal.nfe310.classes.nota.NFNotaInfoItemImpostoTest#naoDevePermitirSetarISSQNCasoICMSouIPIouIICasoEstejamSetados,
com.fincatto.documentofiscal.nfe310.classes.nota.NFNotaInfoIdentificacaoTest#naoDevePermitirVersaoEmissorNulo,
com.fincatto.documentofiscal.nfe310.classes.nota.NFNotaInfoItemImpostoIPITributadoTest#deveGerarXMLDeAcordoComOPadraoEstabelecidoPercentualAliquotaBaseCalculo,
com.fincatto.documentofiscal.nfe310.classes.nota.NFNotaInfoItemImpostoTest#deveObterIpiComoFoiSetado,
com.fincatto.documentofiscal.nfe310.classes.nota.NFNotaInfoItemImpostoTest#deveObterImpostoImportacaoComoFoiSetado,
com.fincatto.documentofiscal.nfe310.classes.nota.NFNotaInfoIdentificacaoTest#naoDevePermitirUfNulo,
com.fincatto.documentofiscal.nfe310.classes.nota.NFNotaInfoCanaFornecimentoDiarioTest#naoDevePermitirQuantidadeNulo,
com.fincatto.documentofiscal.nfe310.classes.nota.NFNotaInfoItemImpostoTest#deveObterIssqnComoFoiSetado,
com.fincatto.documentofiscal.nfe310.classes.nota.NFNotaInfoItemImpostoIPITributadoTest#deveGerarXMLDeAcordoComOPadraoEstabelecidoQuantidadeValorUnidadeTributavel,
com.fincatto.documentofiscal.nfe310.classes.nota.NFNotaInfoItemImpostoTest#deveObterValorTotalTributosComoSetado,
com.fincatto.documentofiscal.nfe310.classes.nota.NFNotaInfoItemImpostoTest#naoDevePermitirValorTotalTributosComTamanhoInvalido,
com.fincatto.documentofiscal.nfe310.classes.nota.NFNotaInfoCanaFornecimentoDiarioTest#deveGerarXMLDeAcordoComOPadraoEstabelecido,
com.fincatto.documentofiscal.nfe310.classes.nota.NFNotaInfoItemImpostoTest#deveObterPisstComoFoiSetado,
com.fincatto.documentofiscal.nfe310.classes.nota.NFNotaInfoItemImpostoTest#naoDevePermitirICMSouIPIouIICasoISSQNEstejaSetado,
com.fincatto.documentofiscal.nfe310.classes.nota.NFNotaInfoItemImpostoTest#deveObterPisComoFoiSetado,
com.fincatto.documentofiscal.nfe310.classes.nota.NFNotaInfoItemImpostoICMS00Test#naoDevePermitirPercentualAliquotaComTamanhoInvalido,
com.fincatto.documentofiscal.nfe310.classes.nota.NFNotaInfoItemImpostoTest#deveObterIcmsComoFoiSetado,
com.fincatto.documentofiscal.nfe310.classes.nota.NFNotaInfoItemImpostoTest#deveObterNFNotaInfoItemImpostoCOFINSComoFoiSetado,
com.fincatto.documentofiscal.nfe310.classes.nota.NFNotaInfoItemImpostoICMS00Test#naoDevePermitirPercentualAliquotaNulo,
com.fincatto.documentofiscal.nfe310.classes.nota.NFNotaInfoItemImpostoTest#devePermitirIssqnNulo,
com.fincatto.documentofiscal.nfe310.classes.nota.NFNotaInfoItemImpostoTest#deveObterIcmsUfDestinoComoFoiSetado,
com.fincatto.documentofiscal.nfe310.classes.nota.NFNotaInfoItemImpostoTest#devePermitirPisstNulo,
com.fincatto.documentofiscal.nfe310.classes.nota.NFNotaInfoItemImpostoTest#devePermitirCofinsNulo,
com.fincatto.documentofiscal.nfe310.classes.nota.NFNotaInfoItemImpostoICMS00Test#naoDevePermitirValorTributoComTamanhoInvalido,
com.fincatto.documentofiscal.nfe310.classes.nota.NFNotaInfoItemImpostoTest#devePermitirIcmsNulo,
com.fincatto.documentofiscal.nfe310.classes.nota.NFNotaInfoItemImpostoICMS00Test#naoDevePermitirValorTributoNulo,
com.fincatto.documentofiscal.nfe310.classes.nota.NFNotaInfoItemImpostoICMS00Test#naoDevePermitirValorBaseCalculoNulo,
com.fincatto.documentofiscal.nfe310.classes.nota.NFNotaInfoItemImpostoICMS00Test#naoDevePermitirValorBaseCalculoComTamanhoInvalido,
com.fincatto.documentofiscal.nfe310.classes.nota.NFNotaInfoItemImpostoICMS00Test#naoDevePermitirOrigemNulo,
com.fincatto.documentofiscal.nfe310.classes.nota.NFNotaInfoRetencoesTributosTest#naoDevePermitirValorRetencaoPrevidenciaSocialInvalidosMonetarios,
com.fincatto.documentofiscal.nfe310.classes.nota.NFNotaInfoItemImpostoICMS00Test#naoDevePermitirModalidadeBaseCalculoNulo,
com.fincatto.documentofiscal.nfe310.classes.nota.NFNotaInfoRetencoesTributosTest#naoDevePermitirValorRetidoCSLLInvalidosMonetarios,
com.fincatto.documentofiscal.nfe310.classes.nota.NFNotaInfoRetencoesTributosTest#naoDevePermitirValorRetidoIRRFInvalidosMonetarios,
com.fincatto.documentofiscal.nfe310.classes.nota.NFNotaInfoRetencoesTributosTest#naoDevePermitirCalculoRetencaoPrevidenciaSocialInvalidosMonetarios,
com.fincatto.documentofiscal.nfe310.classes.nota.NFNotaInfoRetencoesTributosTest#naoDevePermitirValorRetidoCOFINSInvalidosMonetarios,
com.fincatto.documentofiscal.nfe310.classes.nota.NFNotaInfoRetencoesTributosTest#devePermitirValoresValidosMonetarios,
com.fincatto.documentofiscal.nfe310.classes.nota.NFNotaInfoRetencoesTributosTest#naoDevePermitirValorRetidoPISInvalidosMonetarios,
com.fincatto.documentofiscal.nfe310.classes.nota.NFNotaInfoRetencoesTributosTest#naoDevePermitirCalculoIRRFInvalidosMonetarios,
com.fincatto.documentofiscal.nfe310.classes.nota.NFNotaInfoItemImpostoTest#devePermitirPisNulo,
com.fincatto.documentofiscal.nfe310.classes.nota.NFNotaInfoItemImpostoTest#devePermitirImpostoImportacaoNulo,
com.fincatto.documentofiscal.nfe310.classes.nota.NFNotaInfoItemImpostoPISSTTest#naoDevePermitirPercentualAliquotaComTamanhoInvalido,
com.fincatto.documentofiscal.nfe310.classes.nota.NFNotaInfoItemImpostoTest#devePermitirCofinsstNulo,
com.fincatto.documentofiscal.nfe310.classes.nota.NFNotaInfoItemImpostoTest#deveGerarXMLDeAcordoComOPadraoEstabelecido,
com.fincatto.documentofiscal.nfe310.classes.nota.NFNotaInfoRetencoesTributosTest#devePermitirValorRetidoPISNulo,
com.fincatto.documentofiscal.nfe310.classes.nota.NFNotaInfoItemImpostoTest#devePermitirValorTotalTributosNulo,
com.fincatto.documentofiscal.nfe310.classes.nota.NFNotaInfoItemImpostoTest#devePermitirIpiNulo,
com.fincatto.documentofiscal.nfe310.classes.nota.NFNotaInfoItemImpostoICMS00Test#deveGerarXMLDeAcordoComOPadraoEstabelecido,
com.fincatto.documentofiscal.nfe310.classes.nota.NFNotaInfoItemImpostoPISSTTest#naoDevePermitirValorBaseCalculoComTamanhoInvalido,
com.fincatto.documentofiscal.nfe310.classes.nota.NFNotaInfoItemImpostoICMS00Test#naoDevePermitirSituacaoTributariaCalculoNulo,
com.fincatto.documentofiscal.nfe310.classes.nota.NFNotaInfoItemImpostoPISSTTest#naoDevePermitirSetarQuantidadeVendidaCasoPercentualAliquotaOuValorBaseCalculoEstejaSetado,
com.fincatto.documentofiscal.nfe310.classes.nota.NFNotaInfoItemImpostoPISSTTest#naoDevePermitirValorlAliquotaComTamanhoInvalido,
com.fincatto.documentofiscal.nfe310.classes.nota.NFNotaInfoItemImpostoTest#devePermitirICmsUfDestinoNulo,
com.fincatto.documentofiscal.nfe310.classes.nota.NFNotaInfoItemImpostoPISSTTest#naoDevePermitirValorlTributoComTamanhoInvalido,
com.fincatto.documentofiscal.nfe310.classes.nota.NFNotaInfoRetencoesTributosTest#deveGerarXMLDeAcordoComOPadraoEstabelecidoComVagao,
com.fincatto.documentofiscal.nfe310.classes.nota.NFNotaInfoItemImpostoPISSTTest#naoDevePermitirSetarPercentualAliquotaCasoValorAliquotaOuQuantidadeVendidaEstejaSetado,
com.fincatto.documentofiscal.nfe310.classes.nota.NFNotaInfoItemImpostoPISSTTest#naoDevePermitirSetarValorBaseCalculoCasoValorAliquotaOuQuantidadeVendidaEstejaSetado,
com.fincatto.documentofiscal.nfe310.classes.nota.NFNotaInfoItemImpostoPISSTTest#naoDevePermitirSetarValorAliquotaCasoPercentualAliquotaOuValorBaseCalculoEstejaSetado,
com.fincatto.documentofiscal.nfe310.classes.nota.NFNotaInfoRetencoesTributosTest#devePermitirValorRetidoCOFINSNulo,
com.fincatto.documentofiscal.nfe310.classes.nota.NFNotaInfoRetencoesTributosTest#devePermitirBaseCalculoIRRFNulo,
com.fincatto.documentofiscal.nfe310.classes.nota.NFNotaInfoItemImpostoPISSTTest#naoDevePermitirQuantidadeVendidaComTamanhoInvalido,
com.fincatto.documentofiscal.nfe310.classes.nota.NFNotaInfoRetencoesTributosTest#devePermitirValorRetidoCSLLNulo,
com.fincatto.documentofiscal.nfe310.classes.nota.NFNotaInfoItemImpostoCOFINSAliquotaTest#naoDevePermitirPercentualAliquotaTamanhoInvalido,
com.fincatto.documentofiscal.nfe310.classes.nota.NFNotaInfoItemImpostoCOFINSAliquotaTest#naoDevePermitirValorTamanhoInvalido,
com.fincatto.documentofiscal.nfe310.classes.nota.NFNotaInfoItemImpostoCOFINSAliquotaTest#naoDevePermitirPercentualAliquotaNulo,
com.fincatto.documentofiscal.nfe310.classes.nota.NFNotaInfoRetencoesTributosTest#devePermitirValorRetidoIRRFNulo,
com.fincatto.documentofiscal.nfe310.classes.nota.NFNotaInfoItemProdutoTest#deveRetornarVazioCasoNaoPossuaCodigoDeBarras,
com.fincatto.documentofiscal.nfe310.classes.nota.NFNotaInfoItemImpostoCOFINSAliquotaTest#naoDeveValorBaseCalculoNulo,
com.fincatto.documentofiscal.nfe310.classes.nota.NFNotaInfoItemProdutoTest#deveObterNumeroPedidoClienteComoFoiSetado,
com.fincatto.documentofiscal.nfe310.classes.nota.NFNotaInfoItemImpostoPISSTTest#deveGerarXMLDeAcordoComOPadraoEstabelecidoQuantidadeVendaAliquota,
com.fincatto.documentofiscal.nfe310.classes.nota.NFNotaInfoItemImpostoCOFINSAliquotaTest#naoDeveValorAliquotaNulo,
com.fincatto.documentofiscal.nfe310.classes.nota.NFNotaInfoItemImpostoCOFINSAliquotaTest#naoDevePermitirValorBaseCaluloTamanhoInvalido,
com.fincatto.documentofiscal.nfe310.classes.nota.NFNotaInfoRetencoesTributosTest#devePermitirValorRetencaoPrevidenciaSocialNulo,
com.fincatto.documentofiscal.nfe310.classes.nota.NFNotaInfoItemProdutoTest#naoDevePermitirCfopComTamanhoInvalido,
com.fincatto.documentofiscal.nfe310.classes.nota.NFNotaInfoItemProdutoTest#deveObterVeiculoComoFoiSetado,
com.fincatto.documentofiscal.nfe310.classes.nota.NFNotaInfoItemProdutoTest#naoDevePermitirValorOutrasDespesasAcessoriasComTamanhoInvalido,
com.fincatto.documentofiscal.nfe310.classes.nota.NFNotaInfoItemProdutoTest#deveObterValorUnitarioTributavelComoFoiSetado,
com.fincatto.documentofiscal.nfe310.classes.nota.NFNotaInfoItemProdutoTest#deveObterCombustivelComoFoiSetado,
com.fincatto.documentofiscal.nfe310.classes.nota.NFNotaInfoItemProdutoTest#deveObterNumeroControleFCIComoFoiSetado,
com.fincatto.documentofiscal.nfe310.classes.nota.NFNotaInfoItemProdutoTest#naoDevePermitirSetarRECOPICasoVeiculoMedicamentoCombustivelSetadoOuArmamento,
com.fincatto.documentofiscal.nfe310.classes.nota.NFNotaInfoItemProdutoTest#deveObterCodigoDeBarrasComoFoiSetado,
com.fincatto.documentofiscal.nfe310.classes.nota.NFNotaInfoItemImpostoPISSTTest#deveGerarXMLDeAcordoComOPadraoEstabelecidoBCAliquotaPercentual,
com.fincatto.documentofiscal.nfe310.classes.nota.NFNotaInfoItemProdutoTest#deveObterDetalhesExportacaoComoFoiSetado,
com.fincatto.documentofiscal.nfe310.classes.nota.NFNotaInfoItemProdutoTest#deveObterCodigoEspecificadorSituacaoTributariaComoFoiSetado,
com.fincatto.documentofiscal.nfe310.classes.nota.NFNotaInfoItemProdutoTest#naoDevePermitirNcmNulo,
com.fincatto.documentofiscal.nfe310.classes.nota.NFNotaInfoItemProdutoTest#deveObterValorDescontoComoFoiSetado,
com.fincatto.documentofiscal.nfe310.classes.nota.NFNotaInfoItemProdutoTest#deveObterArmamentosComoFoiSetado,
com.fincatto.documentofiscal.nfe310.classes.nota.NFNotaInfoItemProdutoTest#naoDevePermitirDescricaoComTamanhoInvalido,
com.fincatto.documentofiscal.nfe310.classes.nota.NFNotaInfoItemProdutoTest#naoDeveCodigoDeBarrasComTamanhoInvalido,
com.fincatto.documentofiscal.nfe310.classes.nota.NFNotaInfoItemProdutoTest#deveObterNomeclaturaValorAduaneiroEstatisticaComoFoiSetado,
com.fincatto.documentofiscal.nfe310.classes.nota.NFNotaInfoItemProdutoTest#naoDevePermitirSetarArmamentoCasoVeiculoMedicamentoCombustivelOuRECOPISetado,
com.fincatto.documentofiscal.nfe310.classes.nota.NFNotaInfoItemImpostoCOFINSAliquotaTest#naoDeveSituacaoTributariaAliquotaNulo,
com.fincatto.documentofiscal.nfe310.classes.nota.NFNotaInfoItemImpostoCOFINSAliquotaTest#deveGerarXMLDeAcordoComOPadraoEstabelecido,
com.fincatto.documentofiscal.nfe310.classes.nota.NFNotaInfoItemProdutoTest#naoDevePermitirValorTotalBrutoComTamanhoInvalido,
com.fincatto.documentofiscal.nfe310.classes.nota.NFNotaInfoItemProdutoTest#deveObterDeclaracoesImportacaoComoFoiSetado,
com.fincatto.documentofiscal.nfe310.classes.nota.NFNotaInfoItemProdutoTest#naoDevePermitirValorUnitarioTributavelComTamanhoInvalido,
com.fincatto.documentofiscal.nfe310.classes.nota.NFNotaInfoItemProdutoTest#naoDevePermitirCodigoDeBarrasTributavelNulo,
com.fincatto.documentofiscal.nfe310.classes.nota.NFNotaInfoItemProdutoTest#devePermitirCombustivelNulo,
com.fincatto.documentofiscal.nfe310.classes.nota.NFNotaInfoItemProdutoTest#naoDevePermitirValorUnitarioComTamanhoInvalido,
com.fincatto.documentofiscal.nfe310.classes.nota.NFNotaInfoItemProdutoTest#naoDevePermitirSetarMedicamentoCasoVeiculoArmamentoCombustivelOuRECOPISetado,
com.fincatto.documentofiscal.nfe310.classes.nota.NFNotaInfoItemProdutoTest#naoDevePermitirUnidadeTributavelComTamanhoInvalido,
com.fincatto.documentofiscal.nfe310.classes.nota.NFNotaInfoItemProdutoTest#deveObterValorUnitarioComoFoiSetado,
com.fincatto.documentofiscal.nfe310.classes.nota.NFNotaInfoItemProdutoTest#naoDevePermitirCompoeValotNotaNulo,
com.fincatto.documentofiscal.nfe310.classes.nota.NFNotaInfoItemProdutoTest#naoDevePermitirCodigoComTamanhoInvalido,
com.fincatto.documentofiscal.nfe310.classes.nota.NFNotaInfoItemProdutoTest#naoDevePermitirUnidadeComercialNulo,
com.fincatto.documentofiscal.nfe310.classes.nota.NFNotaInfoItemProdutoTest#naoDevePermitirValorFreteComTamanhoInvalido,
com.fincatto.documentofiscal.nfe310.classes.nota.NFNotaInfoItemProdutoTest#naoDevePermitirValorTotalBrutoNulo,
com.fincatto.documentofiscal.nfe310.classes.nota.NFNotaInfoItemProdutoTest#naoDevePermitirCESTComTamanhoInvalido,
com.fincatto.documentofiscal.nfe310.classes.nota.NFNotaInfoItemProdutoTest#deveObterCodigoComoFoiSetado,
com.fincatto.documentofiscal.nfe310.classes.nota.NFNotaInfoItemProdutoTest#naoDevePermitirNumeroPedidoItemClienteComTamanhoInvalido,
com.fincatto.documentofiscal.nfe310.classes.nota.NFNotaInfoItemProdutoTest#deveObterCfopComoFoiSetado,
com.fincatto.documentofiscal.nfe310.classes.nota.NFNotaInfoItemProdutoTest#naoDevePermitirCodigoDeBarrasNulo,
com.fincatto.documentofiscal.nfe310.classes.nota.NFNotaInfoItemProdutoTest#naoDevePermitirNomeclaturaForaDoPadrao,
com.fincatto.documentofiscal.nfe310.classes.nota.NFNotaInfoItemProdutoTest#devePermitirDeclaracoesImportacaoNulo,
com.fincatto.documentofiscal.nfe310.classes.nota.NFNotaInfoItemProdutoTest#naoDevePermitirNumeroPedidoClienteComTamanhoInvalido,
com.fincatto.documentofiscal.nfe310.classes.nota.NFNotaInfoItemProdutoTest#naoDevePermitirQuantidadeTributavelComTamanhoInvalido,
com.fincatto.documentofiscal.nfe310.classes.nota.NFNotaInfoItemProdutoTest#naoDevePermitirSetarVeiculoCasoArmamentoOuCombustivelOuRECOPISetado,
com.fincatto.documentofiscal.nfe310.classes.nota.NFNotaInfoItemProdutoTest#deveObterValorSeguroComoFoiSetado,
com.fincatto.documentofiscal.nfe310.classes.nota.NFNotaInfoItemProdutoTest#naoDevePermitirNcmComTamanhoInvalido,
com.fincatto.documentofiscal.nfe310.classes.nota.NFNotaInfoItemProdutoTest#naoDevePermitirQuantidadeComercialNulo,
com.fincatto.documentofiscal.nfe310.classes.nota.NFNotaInfoItemProdutoTest#devePermitirVeiculoNulo,
com.fincatto.documentofiscal.nfe310.classes.nota.NFNotaInfoItemProdutoTest#naoDevePermitirValorUnitarioNulo,
com.fincatto.documentofiscal.nfe310.classes.nota.NFNotaInfoItemProdutoTest#deveObterQuantidadeTributavelComoFoiSetado,
com.fincatto.documentofiscal.nfe310.classes.nota.NFNotaInfoItemProdutoTest#deveObterNcmComoFoiSetado,
com.fincatto.documentofiscal.nfe310.classes.nota.NFNotaInfoItemProdutoTest#deveObterCodigoDeBarrasTributavelComoFoiSetado,
com.fincatto.documentofiscal.nfe310.classes.nota.NFNotaInfoItemProdutoTest#naoDevePermitirValorDescontoComTamanhoInvalido,
com.fincatto.documentofiscal.nfe310.classes.nota.NFNotaInfoItemProdutoTest#devePermitirArmamentosNulo,
com.fincatto.documentofiscal.nfe310.classes.nota.NFNotaInfoItemProdutoTest#naoDevePermitirQuantidadeTributavelNulo,
com.fincatto.documentofiscal.nfe310.classes.nota.NFNotaInfoItemProdutoTest#naoDevePermitirNumeroControleComFormatoInvalido,
com.fincatto.documentofiscal.nfe310.classes.nota.NFNotaInfoItemProdutoTest#naoDeveCodigoDeBarrasTributavelComTamanhoInvalido,
com.fincatto.documentofiscal.nfe310.classes.nota.NFNotaInfoItemProdutoTest#deveObterCompoeValorNotaComoFoiSetado,
com.fincatto.documentofiscal.nfe310.classes.nota.NFNotaInfoItemProdutoTest#devePermitirNumeroPedidoItemClienteNulo,
com.fincatto.documentofiscal.nfe310.classes.nota.NFNotaInfoItemProdutoTest#deveObterValorFreteComoFoiSetado,
com.fincatto.documentofiscal.nfe310.classes.nota.NFNotaInfoItemProdutoTest#naoDevePermitirUnidadeTributavelNulo,
com.fincatto.documentofiscal.nfe310.classes.nota.NFNotaInfoItemProdutoTest#naoDevePermitirDetalhesImportacaoTamanhoInvalido,
com.fincatto.documentofiscal.nfe310.classes.nota.NFNotaInfoItemProdutoTest#deveObterNumeroPedidoItemClienteComoFoiSetado,
com.fincatto.documentofiscal.nfe310.classes.nota.NFNotaInfoItemProdutoTest#deveObterNnidadeComercialComoFoiSetado,
com.fincatto.documentofiscal.nfe310.classes.nota.NFNotaInfoItemProdutoTest#naoDevePermitirValorUnitarioTributavelNulo,
com.fincatto.documentofiscal.nfe310.classes.nota.NFNotaInfoItemProdutoTest#deveObterNnidadeTributavelComoFoiSetado,
com.fincatto.documentofiscal.nfe310.classes.nota.NFNotaInfoItemProdutoTest#deveGerarTagsCeansVaziasQuandoProdutoNaoPossuiCodigoDeBarras,
com.fincatto.documentofiscal.nfe310.classes.nota.NFNotaInfoItemProdutoTest#naoDevePermitirExtipiComTamanhoInvalido,
com.fincatto.documentofiscal.nfe310.classes.nota.NFNotaInfoItemProdutoTest#deveObterValorTotalBrutoComoFoiSetado,
com.fincatto.documentofiscal.nfe310.classes.nota.NFNotaInfoItemProdutoTest#deveObterDescricaoComoFoiSetado,
com.fincatto.documentofiscal.nfe310.classes.nota.NFNotaInfoItemProdutoTest#deveGerarXMLComCeanECeanTribVaziosCasoSejaNuloAoSerParseado,
com.fincatto.documentofiscal.nfe310.classes.nota.NFNotaInfoItemProdutoTest#deveObterNumeroRECOPIComoFoiSetado,
com.fincatto.documentofiscal.nfe310.classes.nota.NFNotaInfoItemProdutoTest#devePermitirValorFreteNulo,
com.fincatto.documentofiscal.nfe310.classes.nota.NFNotaInfoItemProdutoTest#devePermitirNumeroPedidoClienteNulo,
com.fincatto.documentofiscal.nfe310.classes.nota.NFNotaInfoItemProdutoTest#naoDevePermitirUnidadeComercialComTamanhoInvalido,
com.fincatto.documentofiscal.nfe310.classes.nota.NFNotaInfoItemProdutoTest#deveObterValorOutrasDespesasAcessoriasComoFoiSetado,
com.fincatto.documentofiscal.nfe310.classes.nota.NFNotaInfoItemProdutoTest#naoDevePermitirCodigoNulo,
com.fincatto.documentofiscal.nfe310.classes.nota.NFNotaInfoItemProdutoTest#deveGerarXMLDeAcordoComOPadraoEstabelecido,
com.fincatto.documentofiscal.nfe310.classes.nota.NFNotaInfoItemProdutoTest#naoDevePermitirCfopNulo,
com.fincatto.documentofiscal.nfe310.classes.nota.NFNotaInfoItemProdutoTest#deveObterQuantidadeComercialComoFoiSetado,
com.fincatto.documentofiscal.nfe310.classes.nota.NFNotaInfoAvulsaTest#naoDevePermitirFoneComTamanhoInvalido,
com.fincatto.documentofiscal.nfe310.classes.nota.NFNotaInfoItemProdutoTest#naoDevePermitirValorSeguroComTamanhoInvalido,
com.fincatto.documentofiscal.nfe310.classes.nota.NFNotaInfoItemProdutoTest#naoDevePermitirQuantidadeComercialComTamanhoInvalido,
com.fincatto.documentofiscal.nfe310.classes.nota.NFNotaInfoItemProdutoTest#deveObterExtipiComoFoiSetado,
com.fincatto.documentofiscal.nfe310.classes.nota.NFNotaInfoItemProdutoTest#devePermitirDetalhesExportacaoNulo,
com.fincatto.documentofiscal.nfe310.classes.nota.NFNotaInfoItemProdutoTest#devePermitirDescricaoNulo,
com.fincatto.documentofiscal.nfe310.classes.nota.NFNotaInfoItemProdutoTest#deveObterMedicamentosComoFoiSetado,
com.fincatto.documentofiscal.nfe310.classes.nota.NFNotaInfoAvulsaTest#naoDevePermitirOrgaoEmitenteComTamanhoInvalido,
com.fincatto.documentofiscal.nfe310.classes.nota.NFNotaInfoAvulsaTest#naoDevePermitirCnpjComTamanhoInvalido,
com.fincatto.documentofiscal.nfe310.classes.nota.NFNotaInfoItemProdutoTest#devePermitirValorOutrasDespesasAcessoriasNulo,
com.fincatto.documentofiscal.nfe310.classes.nota.NFNotaInfoAvulsaTest#naoDevePermitirMatriculaAgenteComTamanhoInvalido,
com.fincatto.documentofiscal.nfe310.classes.nota.NFNotaInfoAvulsaTest#naoDevePermitirNomeAgenteComTamanhoInvalido,
com.fincatto.documentofiscal.nfe310.classes.nota.NFNotaInfoAvulsaTest#naoDevePermitirReparticaoFiscalEmitenteComTamanhoInvalido,
com.fincatto.documentofiscal.nfe310.classes.nota.NFNotaInfoAvulsaTest#naoDevePermitirValorTotalConstanteDocumentoArrecadacaoReceitaComTamanhoInvalido,
com.fincatto.documentofiscal.nfe310.classes.nota.NFNotaInfoAvulsaTest#naoDevePermitirNumeroDocumentoArrecadacaoReceitaComTamanhoInvalido,
com.fincatto.documentofiscal.nfe310.classes.nota.NFNotaInfoItemProdutoTest#devePermitirMedicamentosNulo,
com.fincatto.documentofiscal.nfe310.classes.nota.NFNotaInfoItemProdutoTest#devePermitirValorDescontoNulo,
com.fincatto.documentofiscal.nfe310.classes.nota.NFNotaInfoItemProdutoTest#devePermitirValorSeguroNulo,
com.fincatto.documentofiscal.nfe310.classes.nota.NFNotaInfoTest#deveObterCompraComoFoiSetado,
com.fincatto.documentofiscal.nfe310.classes.nota.NFNotaInfoAvulsaTest#devePermitirValorTotalConstanteDocumentoArrecadacaoReceitaNulo,
com.fincatto.documentofiscal.nfe310.classes.nota.NFNotaInfoItemProdutoTest#devePermitirsetNomeclaturaValorAduaneiroEstatisticaNulo,
com.fincatto.documentofiscal.nfe310.classes.nota.NFNotaInfoItemProdutoTest#devePermitirExtipiNulo,
com.fincatto.documentofiscal.nfe310.classes.nota.NFNotaInfoTest#deveObterEmitenteComoFoiSetado,
com.fincatto.documentofiscal.nfe310.classes.nota.NFNotaInfoAvulsaTest#naoDevePermitirMatriculaAgenteNulo,
com.fincatto.documentofiscal.nfe310.classes.nota.NFNotaInfoTest#deveObterTransporteComoFoiSetado,
com.fincatto.documentofiscal.nfe310.classes.nota.NFNotaInfoAvulsaTest#naoDevePermitirOrgaoEmitenteNulo,
com.fincatto.documentofiscal.nfe310.classes.nota.NFNotaInfoTest#deveObterAvulsaComoFoiSetado,
com.fincatto.documentofiscal.nfe310.classes.nota.NFNotaInfoTest#deveObterVersaoComoFoiSetado,
com.fincatto.documentofiscal.nfe310.classes.nota.NFNotaInfoAvulsaTest#naoDevePermitirNomeAgenteNulo,
com.fincatto.documentofiscal.nfe310.classes.nota.NFNotaInfoTest#deveObterExportacaoComoFoiSetado,
com.fincatto.documentofiscal.nfe310.classes.nota.NFNotaInfoAvulsaTest#deveGerarXMLDeAcordoComOPadraoEstabelecido,
com.fincatto.documentofiscal.nfe310.classes.nota.NFNotaInfoTest#deveObterInformacoesAdicionaisComoFoiSetado,
com.fincatto.documentofiscal.nfe310.classes.nota.NFNotaInfoAvulsaTest#devePermitirFoneNulo,
com.fincatto.documentofiscal.nfe310.classes.nota.NFNotaInfoAvulsaTest#naoDevePermitirReparticaoFiscalEmitenteNulo,
com.fincatto.documentofiscal.nfe310.classes.nota.NFNotaInfoTest#deveObterRetiradaComoFoiSetado,
com.fincatto.documentofiscal.nfe310.classes.nota.NFNotaInfoTest#deveObterPagamentosComoFoiSetado,
com.fincatto.documentofiscal.nfe310.classes.nota.NFNotaInfoAvulsaTest#devePermitirDataPagamentoDocumentoArrecadacaoNulo,
com.fincatto.documentofiscal.nfe310.classes.nota.NFNotaInfoAvulsaTest#naoDevePermitirCnpjNulo,
com.fincatto.documentofiscal.nfe310.classes.nota.NFNotaInfoTest#deveObterIdentificacaoComoFoiSetado,
com.fincatto.documentofiscal.nfe310.classes.nota.NFNotaInfoTest#deveObterCanaComoFoiSetado,
com.fincatto.documentofiscal.nfe310.classes.nota.NFNotaInfoTest#deveObterPessoasAutorizadasDownloadNFeComoFoiSetado,
com.fincatto.documentofiscal.nfe310.classes.nota.NFNotaInfoTest#deveObterIdentificadorComPrefixo,
com.fincatto.documentofiscal.nfe310.classes.nota.NFNotaInfoAvulsaTest#devePermitirNumeroDocumentoArrecadacaoReceitaNulo,
com.fincatto.documentofiscal.nfe310.classes.nota.NFNotaInfoAvulsaTest#devePermitirDataEmissaoDocumentoArrecadacaoNulo,
com.fincatto.documentofiscal.nfe310.classes.nota.NFNotaInfoAvulsaTest#naoDevePermitirUFNulo,
com.fincatto.documentofiscal.nfe310.classes.nota.NFNotaInfoTest#devePermitirAvulsaNulo,
com.fincatto.documentofiscal.nfe310.classes.nota.NFNotaInfoTest#deveObterEntregaComoFoiSetado,
com.fincatto.documentofiscal.nfe310.classes.nota.NFNotaInfoTest#naoDevePermitirVersaoComTamanhoInvalido,
com.fincatto.documentofiscal.nfe310.classes.nota.NFNotaInfoTest#deveObterItensComoFoiSetado,
com.fincatto.documentofiscal.nfe310.classes.nota.NFNotaInfoTest#naoDevePermitirTransporteNulo,
com.fincatto.documentofiscal.nfe310.classes.nota.NFNotaInfoTest#devePermitirEntregaNulo,
com.fincatto.documentofiscal.nfe310.classes.nota.NFNotaInfoTest#naoDevePermitirTotalNulo,
com.fincatto.documentofiscal.nfe310.classes.nota.NFNotaInfoTest#deveObterDestinatarioComoFoiSetado,
com.fincatto.documentofiscal.nfe310.classes.nota.NFNotaInfoTest#devePermitirInformacoesAdicionaisNulo,
com.fincatto.documentofiscal.nfe310.classes.nota.NFNotaInfoTest#devePermitirExportacaoNulo,
com.fincatto.documentofiscal.nfe310.classes.nota.NFNotaInfoCadaDeducaoTest#naoDevePermitirDescricaoDeducaoVazia,
com.fincatto.documentofiscal.nfe310.classes.nota.NFNotaInfoCadaDeducaoTest#naoDevePermitirDeducaoMaiorQue60caracteres,
com.fincatto.documentofiscal.nfe310.classes.nota.NFNotaInfoTest#naoDevePermitirIdentificadorComTamanhoInvalido,
com.fincatto.documentofiscal.nfe310.classes.nota.NFNotaInfoTest#devePermitirRetiradaNulo,
com.fincatto.documentofiscal.nfe310.classes.nota.NFNotaInfoDestinatarioTest#naoDevePermitirCNPJSetadoQuandoCPFEstaSetado,
com.fincatto.documentofiscal.nfe310.classes.nota.NFNotaInfoDestinatarioTest#naoDevePermitirEmailTamanhoInvalido,
com.fincatto.documentofiscal.nfe310.classes.nota.NFNotaInfoTest#deveObterCobrancaComoFoiSetado,
com.fincatto.documentofiscal.nfe310.classes.nota.NFNotaInfoTest#devePermitirCanaNulo,
com.fincatto.documentofiscal.nfe310.classes.nota.NFNotaInfoTest#devePermitirCobrancaNulo,
com.fincatto.documentofiscal.nfe310.classes.nota.NFNotaInfoTest#deveObterTotalComoFoiSetado,
com.fincatto.documentofiscal.nfe310.classes.nota.NFNotaInfoTest#devePermitirCompraNulo,
com.fincatto.documentofiscal.nfe310.classes.nota.NFNotaInfoDestinatarioTest#naoDevePermitirCNPJComTamanhoInvalido,
com.fincatto.documentofiscal.nfe310.classes.nota.NFNotaInfoTest#devePermitirPagamentosNulo,
com.fincatto.documentofiscal.nfe310.classes.nota.NFNotaInfoDestinatarioTest#naoDevePermitirCPFComTamanhoInvalido,
com.fincatto.documentofiscal.nfe310.classes.nota.NFNotaInfoTest#naoDevePermitirIdentificacaoNulo,
com.fincatto.documentofiscal.nfe310.classes.nota.NFNotaInfoTest#deveGerarXMLDeAcordoComOPadraoEstabelecido,
com.fincatto.documentofiscal.nfe310.classes.nota.NFNotaInfoDestinatarioTest#naoDevePermitirCPFSetadoQuandoCNPJEstaSetado,
com.fincatto.documentofiscal.nfe310.classes.nota.NFNotaInfoDestinatarioTest#naoDevePermitirInscricaoSuframaTamanhoInvalido,
com.fincatto.documentofiscal.nfe310.classes.nota.NFNotaInfoDestinatarioTest#naoDevePermitirRazoaSocialTamanhoInvalido,
com.fincatto.documentofiscal.nfe310.classes.evento.NFEventoRetornoTest#deveObterInfoEventoRetornoComoFoiSetado,
com.fincatto.documentofiscal.nfe310.classes.evento.NFEventoRetornoTest#deveObterVersaoComoFoiSetado,
com.fincatto.documentofiscal.nfe310.classes.nota.NFNotaInfoTest#naoDevePermitirItensNulo,
com.fincatto.documentofiscal.nfe310.classes.nota.NFNotaInfoTest#devePermitirDestinatarioNulo,
com.fincatto.documentofiscal.nfe310.classes.evento.NFInfoEventoRetornoTest#deveObterCodigoStatusComoFoiSetado,
com.fincatto.documentofiscal.nfe310.classes.evento.NFInfoEventoRetornoTest#deveObterChaveComoFoiSetado,
com.fincatto.documentofiscal.nfe310.classes.nota.NFNotaInfoTest#devePermitirPessoasAutorizadasDownloadNFeNulo,
com.fincatto.documentofiscal.nfe310.classes.evento.NFEventoRetornoTest#deveObterAssinaturaComoFoiSetado,
com.fincatto.documentofiscal.nfe310.classes.evento.NFInfoEventoRetornoTest#deveObterDataHoraRegistroComoFoiSetado,
com.fincatto.documentofiscal.nfe310.classes.evento.NFInfoEventoRetornoTest#deveObterOrgaoComoFoiSetado,
com.fincatto.documentofiscal.nfe310.classes.nota.NFNotaInfoCadaDeducaoTest#naoDevePermitirDeducaoNulo,
com.fincatto.documentofiscal.nfe310.classes.evento.NFInfoEventoRetornoTest#deveObterNumeroSequencialEventoComoFoiSetado,
com.fincatto.documentofiscal.nfe310.classes.nota.NFNotaInfoCadaDeducaoTest#deveGerarXMLDeAcordoComOPadraoEstabelecido,
com.fincatto.documentofiscal.nfe310.classes.nota.NFNotaInfoTest#naoDevePermitirIdentificadorNulo,
com.fincatto.documentofiscal.nfe310.classes.evento.NFInfoEventoRetornoTest#deveObterVersaoAplicacaoComoFoiSetado,
com.fincatto.documentofiscal.nfe310.classes.nota.NFNotaInfoCadaDeducaoTest#naoDevePermitirDescricaoDeducaoNulo,
com.fincatto.documentofiscal.nfe310.classes.nota.NFNotaInfoTest#naoDevePermitirVersaoNulo,
com.fincatto.documentofiscal.nfe310.classes.evento.NFInfoEventoRetornoTest#deveObterDescricaoEventoComoFoiSetado,
com.fincatto.documentofiscal.nfe310.classes.evento.NFInfoEventoRetornoTest#deveObterNumeroProtocoloComoFoiSetado,
com.fincatto.documentofiscal.nfe310.classes.evento.NFInfoEventoRetornoTest#deveObterIdComoFoiSetado,
com.fincatto.documentofiscal.nfe310.classes.evento.NFInfoEventoRetornoTest#deveObterTipoEventoComoFoiSetado,
com.fincatto.documentofiscal.nfe310.classes.nota.NFNotaInfoDestinatarioTest#devePermitirCNPJNulo,
com.fincatto.documentofiscal.nfe310.classes.nota.NFNotaInfoDestinatarioTest#devePermitirInscricaoEstadualNulo,
com.fincatto.documentofiscal.nfe310.classes.nota.NFNotaInfoDestinatarioTest#devePermitirIdEstrangeiroComTamanhoZero,
com.fincatto.documentofiscal.nfe310.classes.evento.NFInfoEventoRetornoTest#deveObterCPFComoFoiSetado,
com.fincatto.documentofiscal.nfe310.classes.nota.NFNotaInfoDestinatarioTest#devePermitirInscricaoSuframaNulo,
com.fincatto.documentofiscal.nfe310.classes.evento.NFInfoEventoRetornoTest#deveObterMotivoComoFoiSetado,
com.fincatto.documentofiscal.nfe310.classes.evento.NFInfoEventoRetornoTest#deveObterEmailComoFoiSetado,
com.fincatto.documentofiscal.nfe310.classes.nota.NFNotaInfoDestinatarioTest#naoDevePermitirNFIndicadorIEDestinatarioNulo,
com.fincatto.documentofiscal.nfe310.classes.evento.NFInfoEventoRetornoTest#deveObterAmbienteComoFoiSetado,
com.fincatto.documentofiscal.nfe310.classes.evento.NFInfoEventoRetornoTest#deveObterCNPJComoFoiSetado,
com.fincatto.documentofiscal.nfe310.classes.evento.cancelamento.NFInfoEventoCancelamentoTest#deveObterOrgaoComoFoiSetado,
com.fincatto.documentofiscal.nfe310.classes.evento.cancelamento.NFInfoEventoCancelamentoTest#deveObterDataHoraEventoComoFoiSetado,
com.fincatto.documentofiscal.nfe310.classes.evento.cancelamento.NFInfoEventoCancelamentoTest#deveObterChaveComoFoiSetado,
com.fincatto.documentofiscal.nfe310.classes.nota.NFNotaInfoDestinatarioTest#devePermitirEnderecoNulo,
com.fincatto.documentofiscal.nfe310.classes.nota.NFNotaInfoDestinatarioTest#deveGerarXMLDeAcordoComOPadraoEstabelecido,
com.fincatto.documentofiscal.nfe310.classes.evento.cancelamento.NFInfoEventoCancelamentoTest#deveObterNumeroSequencialEventoComoFoiSetado,
com.fincatto.documentofiscal.nfe310.classes.nota.NFNotaInfoDestinatarioTest#devePermitirCPFNulo,
com.fincatto.documentofiscal.nfe310.classes.nota.NFNotaInfoDestinatarioTest#devePermitirEmailNulo,
com.fincatto.documentofiscal.nfe310.classes.nota.NFNotaInfoDestinatarioTest#devePermitirInscricaoMunicipalNuloNulo,
com.fincatto.documentofiscal.nfe310.classes.evento.cancelamento.NFInfoEventoCancelamentoTest#deveObterCnpjComoFoiSetado,
com.fincatto.documentofiscal.nfe310.classes.evento.cancelamento.NFInfoEventoCancelamentoTest#deveObterAmbienteComoFoiSetado,
com.fincatto.documentofiscal.nfe310.classes.evento.cancelamento.NFInfoEventoCancelamentoTest#deveObterVersaoEventoComoFoiSetado,
com.fincatto.documentofiscal.nfe310.classes.evento.cancelamento.NFInfoEventoCancelamentoTest#deveObterIdComoFoiSetado,
com.fincatto.documentofiscal.nfe310.classes.evento.cancelamento.NFInfoEventoCancelamentoTest#deveObterInfoCancelamentoComoFoiSetado,
com.fincatto.documentofiscal.nfe310.classes.evento.cancelamento.NFInfoEventoCancelamentoTest#deveObterCodigoEventoComoFoiSetado,
com.fincatto.documentofiscal.nfe310.classes.evento.cancelamento.NFRetornoCancelamentoTest#deveObterVersaoComoFoiSetado,
com.fincatto.documentofiscal.nfe310.classes.evento.cancelamento.NFEnviaEventoCancelamentoTest#deveObterEventosComoFoiSetado,
com.fincatto.documentofiscal.nfe310.classes.evento.cancelamento.NFRetornoCancelamentoTest#deveObterInfoCancelamentoComoFoiSetado,
com.fincatto.documentofiscal.nfe310.classes.evento.cancelamento.NFEnviaEventoCancelamentoTest#naoDevePermitirIdLoteInvalidoComTamanhoExtrapolado,
com.fincatto.documentofiscal.nfe310.classes.evento.cancelamento.NFEnviaEventoCancelamentoTest#naoDevePermitirIdLoteInvalidoComLetra,
com.fincatto.documentofiscal.nfe310.classes.evento.cancelamento.NFEnviaEventoCancelamentoTest#deveObterIdLoteComoFoiSetado,
com.fincatto.documentofiscal.nfe310.classes.evento.cancelamento.NFRetornoInfoCancelamentoTest#deveObterChaveComoFoiSetado,
com.fincatto.documentofiscal.nfe310.classes.evento.cancelamento.NFEnviaEventoCancelamentoTest#naoDevePermitirTamanhoInvalidoDeEventos,
com.fincatto.documentofiscal.nfe310.classes.evento.cancelamento.NFRetornoInfoCancelamentoTest#deveObterDataHoraRecebimentoComoFoiSetado,
com.fincatto.documentofiscal.nfe310.classes.evento.cancelamento.NFRetornoInfoCancelamentoTest#deveObterCodigoStatusComoFoiSetado,
com.fincatto.documentofiscal.nfe310.classes.evento.cancelamento.NFRetornoInfoCancelamentoTest#deveObterUfComoFoiSetado,
com.fincatto.documentofiscal.nfe310.classes.evento.cancelamento.NFRetornoInfoCancelamentoTest#deveObterVersaoAplicacaoComoFoiSetado,
com.fincatto.documentofiscal.nfe310.classes.evento.cancelamento.NFEnviaEventoCancelamentoTest#deveObterVersaoStringComoFoiSetado,
com.fincatto.documentofiscal.nfe310.classes.evento.cancelamento.NFEnviaEventoCancelamentoTest#naoDevePermitirIdLoteInvalidoVazio,
com.fincatto.documentofiscal.nfe310.classes.evento.cancelamento.NFProtocoloEventoCancelamentoTest#deveObterVersaoComoFoiSetado,
com.fincatto.documentofiscal.nfe310.classes.NFProdutoCompoeValorNotaTest#deveRepresentarOCodigoCorretamente,
com.fincatto.documentofiscal.nfe310.classes.evento.cancelamento.NFRetornoInfoCancelamentoTest#deveObterMotivoComoFoiSetado,
com.fincatto.documentofiscal.nfe310.classes.evento.cancelamento.NFRetornoInfoCancelamentoTest#deveObterNumeroProtocoloComoFoiSetado,
com.fincatto.documentofiscal.nfe310.classes.evento.cancelamento.NFRetornoInfoCancelamentoTest#deveObterAssinaturaComoFoiSetado,
com.fincatto.documentofiscal.nfe310.classes.evento.cancelamento.NFRetornoInfoCancelamentoTest#deveObterAmbienteComoFoiSetado,
com.fincatto.documentofiscal.nfe310.classes.evento.cancelamento.NFRetornoInfoCancelamentoTest#deveObterIdentificadorComoFoiSetado,
com.fincatto.documentofiscal.nfe310.classes.evento.cancelamento.NFProtocoloEventoCancelamentoTest#deveObterEventoRetornoComoFoiSetado,
com.fincatto.documentofiscal.nfe310.classes.evento.cancelamento.NFProtocoloEventoCancelamentoTest#deveObterEventoComoFoiSetado,
com.fincatto.documentofiscal.nfe310.classes.evento.cancelamento.NFEventoCancelamentoTest#deveObterAssinaturaComoFoiSetado,
com.fincatto.documentofiscal.nfe310.classes.evento.cancelamento.NFInfoEventoCancelamentoTest#deveGerarXMLDeAcordoComOPadraoEstabelecido,
com.fincatto.documentofiscal.nfe310.classes.evento.cancelamento.NFInfoCancelamentoTest#deveObterJustificativaComoFoiSetado,
com.fincatto.documentofiscal.nfe310.classes.evento.cancelamento.NFInfoCancelamentoTest#naoDevePermitirSetarTextoCorrecao,
com.fincatto.documentofiscal.nfe310.classes.evento.cancelamento.NFEventoCancelamentoTest#deveObterVersaoComoFoiSetado,
com.fincatto.documentofiscal.nfe310.classes.evento.cancelamento.NFInfoCancelamentoTest#naoDevePermitirProtocoloAutorizacaoComLetras,
com.fincatto.documentofiscal.nfe310.classes.evento.cancelamento.NFInfoCancelamentoTest#naoDevePermitirProtocoloAutorizacaoComTamanhoExtrapolado,
com.fincatto.documentofiscal.nfe310.classes.evento.cancelamento.NFInfoCancelamentoTest#naoDevePermitirSetarCondicaoDeUso,
com.fincatto.documentofiscal.nfe310.classes.evento.cancelamento.NFInfoCancelamentoTest#naoDevePermitirProtocoloAutorizacaoVazio,
com.fincatto.documentofiscal.nfe310.classes.evento.cancelamento.NFInfoCancelamentoTest#deveObterProtocoloAutorizacaoComoFoiSetado,
com.fincatto.documentofiscal.nfe310.classes.evento.manifestacaodestinatario.NFEventoManifestacaoTest#deveObterAssinaturaComoFoiSetado,
com.fincatto.documentofiscal.nfe310.classes.evento.cancelamento.NFEnviaEventoCancelamentoTest#naoDevePermitirVersaoNulo,
com.fincatto.documentofiscal.nfe310.classes.evento.cancelamento.NFEnviaEventoCancelamentoTest#naoDevePermitirEventosNulo,
com.fincatto.documentofiscal.nfe310.classes.evento.manifestacaodestinatario.NFEventoManifestacaoTest#deveObterVersaoComoFoiSetado,
com.fincatto.documentofiscal.nfe310.classes.evento.cancelamento.NFEnviaEventoCancelamentoTest#naoDevePermitirLoteNulo,
com.fincatto.documentofiscal.nfe310.classes.evento.manifestacaodestinatario.NFTipoEventoManifestacaoDestinatarioTest#deveRetornarNuloCasoNaoExistaCodigo,
com.fincatto.documentofiscal.nfe310.classes.evento.cancelamento.NFEnviaEventoCancelamentoTest#deveGerarXMLDeAcordoComOPadraoEstabelecido,
com.fincatto.documentofiscal.nfe310.classes.evento.cancelamento.NFEventoCancelamentoTest#deveGerarXMLDeAcordoComOPadraoEstabelecido,
com.fincatto.documentofiscal.nfe310.classes.evento.manifestacaodestinatario.NFTipoEventoManifestacaoDestinatarioTest#deveObterTipoEventoManifestacaoDestinatarioApartirDoSeuCodigo,
com.fincatto.documentofiscal.nfe310.classes.evento.manifestacaodestinatario.NFTipoEventoManifestacaoDestinatarioTest#deveObterStringficadoCorretamente,
com.fincatto.documentofiscal.nfe310.classes.evento.manifestacaodestinatario.NFTipoEventoManifestacaoDestinatarioTest#deveRepresentarOCodigoCorretamente,
com.fincatto.documentofiscal.nfe310.classes.evento.manifestacaodestinatario.NFInfoManifestacaoDestinatarioTest#deveObterJustificativaComoFoiSetado,
com.fincatto.documentofiscal.nfe310.classes.evento.cancelamento.NFProtocoloEventoCancelamentoTest#deveGerarXMLDeAcordoComOPadraoEstabelecido,
com.fincatto.documentofiscal.nfe310.classes.evento.manifestacaodestinatario.NFInfoManifestacaoDestinatarioTest#naoDevePermitirSetarTextoCorrecao,
com.fincatto.documentofiscal.nfe310.classes.evento.manifestacaodestinatario.NFInfoManifestacaoDestinatarioTest#naoDevePermitirSetarCondicaoDeUso,
com.fincatto.documentofiscal.nfe310.classes.evento.manifestacaodestinatario.NFEnviaEventoManifestacaoDestinatarioTest#deveObterEventosComoFoiSetado,
com.fincatto.documentofiscal.nfe310.classes.evento.manifestacaodestinatario.NFEnviaEventoManifestacaoDestinatarioTest#naoDevePermitirIdLoteInvalidoComLetra,
com.fincatto.documentofiscal.nfe310.classes.evento.cancelamento.NFEventoCancelamentoTest#naoDevePermitirInfoEventoNulo,
com.fincatto.documentofiscal.nfe310.classes.evento.manifestacaodestinatario.NFEnviaEventoManifestacaoDestinatarioTest#naoDevePermitirIdLoteInvalidoComTamanhoExtrapolado,
com.fincatto.documentofiscal.nfe310.classes.evento.manifestacaodestinatario.NFEnviaEventoManifestacaoDestinatarioTest#naoDevePermitirTamanhoInvalidoDeEventos,
com.fincatto.documentofiscal.nfe310.classes.evento.cancelamento.NFEventoCancelamentoTest#deveObterInfoEventoCancelamentoComoFoiSetado,
com.fincatto.documentofiscal.nfe310.classes.evento.cancelamento.NFEventoCancelamentoTest#devePermitirAssinaturaNula,
com.fincatto.documentofiscal.nfe310.classes.evento.cancelamento.NFInfoCancelamentoTest#deveGerarXMLDeAcordoComOPadraoEstabelecido,
com.fincatto.documentofiscal.nfe310.classes.evento.manifestacaodestinatario.NFEnviaEventoManifestacaoDestinatarioTest#deveObterIdLoteComoFoiSetado,
com.fincatto.documentofiscal.nfe310.classes.evento.cancelamento.NFEnviaEventoRetornoCancelamentoTest#deveReceberIdLoteVazio,
com.fincatto.documentofiscal.nfe310.classes.evento.manifestacaodestinatario.NFEventoManifestacaoTest#naoDevePermitirInfoEventoNulo,
com.fincatto.documentofiscal.nfe310.classes.evento.cancelamento.NFEventoCancelamentoTest#naoDevePermitirVersaoNulo,
com.fincatto.documentofiscal.nfe310.classes.evento.manifestacaodestinatario.NFEventoManifestacaoTest#deveObterInfoEventoManifestacaoDestinatarioComoFoiSetado,
com.fincatto.documentofiscal.nfe310.classes.evento.manifestacaodestinatario.NFEnviaEventoManifestacaoDestinatarioTest#naoDevePermitirIdLoteInvalidoVazio,
com.fincatto.documentofiscal.nfe310.classes.evento.manifestacaodestinatario.NFEnviaEventoManifestacaoDestinatarioTest#deveObterVersaoStringComoFoiSetado,
com.fincatto.documentofiscal.nfe310.classes.evento.manifestacaodestinatario.NFInfoEventoManifestacaoDestinatarioTest#deveObterChaveComoFoiSetado,
com.fincatto.documentofiscal.nfe310.classes.evento.manifestacaodestinatario.NFEventoManifestacaoTest#devePermitirAssinaturaNula,
com.fincatto.documentofiscal.nfe310.classes.evento.manifestacaodestinatario.NFInfoEventoManifestacaoDestinatarioTest#deveObterDataHoraEventoComoFoiSetado,
com.fincatto.documentofiscal.nfe310.classes.evento.manifestacaodestinatario.NFInfoEventoManifestacaoDestinatarioTest#deveObterOrgaoComoFoiSetado,
com.fincatto.documentofiscal.nfe310.classes.evento.manifestacaodestinatario.NFEventoManifestacaoTest#naoDevePermitirVersaoNulo,
com.fincatto.documentofiscal.nfe310.classes.evento.manifestacaodestinatario.NFInfoEventoManifestacaoDestinatarioTest#deveObterNumeroSequencialEventoComoFoiSetado,
com.fincatto.documentofiscal.nfe310.classes.evento.manifestacaodestinatario.NFInfoEventoManifestacaoDestinatarioTest#deveObterIdComoFoiSetado,
com.fincatto.documentofiscal.nfe310.classes.evento.manifestacaodestinatario.NFInfoEventoManifestacaoDestinatarioTest#deveObterInfoCancelamentoComoFoiSetado,
com.fincatto.documentofiscal.nfe310.classes.evento.manifestacaodestinatario.NFInfoEventoManifestacaoDestinatarioTest#deveObterCnpjComoFoiSetado,
com.fincatto.documentofiscal.nfe310.classes.evento.manifestacaodestinatario.NFInfoEventoManifestacaoDestinatarioTest#deveObterVersaoEventoComoFoiSetado,
com.fincatto.documentofiscal.nfe310.classes.evento.manifestacaodestinatario.NFEventoManifestacaoTest#deveGerarXMLDeAcordoComOPadraoEstabelecido,
com.fincatto.documentofiscal.nfe310.classes.evento.manifestacaodestinatario.NFInfoEventoManifestacaoDestinatarioTest#deveObterCodigoEventoComoFoiSetado,
com.fincatto.documentofiscal.nfe310.classes.evento.manifestacaodestinatario.NFInfoEventoManifestacaoDestinatarioTest#deveObterAmbienteComoFoiSetado,
com.fincatto.documentofiscal.nfe310.classes.evento.inutilizacao.NFRetornoEventoInutilizacaoTest#deveObterVersaoComoFoiSetado,
com.fincatto.documentofiscal.nfe310.classes.evento.inutilizacao.NFRetornoEventoInutilizacaoTest#deveObterAssinaturaComoFoiSetado,
com.fincatto.documentofiscal.nfe310.classes.evento.inutilizacao.NFRetornoEventoInutilizacaoTest#deveObterDadosComoFoiSetado,
com.fincatto.documentofiscal.nfe310.classes.evento.NFEnviaEventoRetornoTest#deveObterOrgaoComoFoiSetado,
com.fincatto.documentofiscal.nfe310.classes.evento.NFEnviaEventoRetornoTest#deveObterVersaoComoFoiSetado,
com.fincatto.documentofiscal.nfe310.classes.evento.NFEnviaEventoRetornoTest#deveObterCodigoStatusRepostaComoFoiSetado,
com.fincatto.documentofiscal.nfe310.classes.evento.NFEnviaEventoRetornoTest#deveObterMotivoComoFoiSetado,
com.fincatto.documentofiscal.nfe310.classes.evento.NFEnviaEventoRetornoTest#deveObterIdLoteComoFoiSetado,
com.fincatto.documentofiscal.nfe310.classes.evento.NFEnviaEventoRetornoTest#deveObterAmbienteComoFoiSetado,
com.fincatto.documentofiscal.nfe310.classes.evento.NFEnviaEventoRetornoTest#deveObterEventoRetornoComoFoiSetado,
com.fincatto.documentofiscal.nfe310.classes.evento.NFEnviaEventoRetornoTest#deveObterVersaoAplicativoComoFoiSetado,
com.fincatto.documentofiscal.nfe310.classes.cadastro.NFRetornoConsultaCadastroEnderecoTest#deveObterNumeroComoFoiSetado,
com.fincatto.documentofiscal.nfe310.classes.cadastro.NFInfoConsultaCadastroTest#deveObterOqueCnpjFoiSetado,
com.fincatto.documentofiscal.nfe310.classes.evento.manifestacaodestinatario.NFEnviaEventoManifestacaoDestinatarioTest#naoDevePermitirLoteNulo,
com.fincatto.documentofiscal.nfe310.classes.evento.manifestacaodestinatario.NFInfoManifestacaoDestinatarioTest#deveGerarXMLDeAcordoComOPadraoEstabelecido,
com.fincatto.documentofiscal.nfe310.classes.cadastro.NFRetornoConsultaCadastroEnderecoTest#deveObterCodigoMunicipioFoiSetado,
com.fincatto.documentofiscal.nfe310.classes.evento.manifestacaodestinatario.NFEnviaEventoManifestacaoDestinatarioTest#deveGerarXMLDeAcordoComOPadraoEstabelecido,
com.fincatto.documentofiscal.nfe310.classes.cadastro.NFRetornoConsultaCadastroEnderecoTest#deveObterCepComoFoiSetado,
com.fincatto.documentofiscal.nfe310.classes.evento.manifestacaodestinatario.NFEnviaEventoManifestacaoDestinatarioTest#naoDevePermitirVersaoNulo,
com.fincatto.documentofiscal.nfe310.classes.cadastro.NFRetornoConsultaCadastroEnderecoTest#deveObterLogradouroComoFoiSetado,
com.fincatto.documentofiscal.nfe310.classes.evento.manifestacaodestinatario.NFEnviaEventoManifestacaoDestinatarioTest#naoDevePermitirEventosNulo,
com.fincatto.documentofiscal.nfe310.classes.cadastro.NFRetornoConsultaCadastroTest#deveObterVersaoComoFoiSetado,
com.fincatto.documentofiscal.nfe310.classes.cadastro.NFRetornoConsultaCadastroEnderecoTest#deveObterBairroComoFoiSetado,
com.fincatto.documentofiscal.nfe310.classes.cadastro.NFRetornoConsultaCadastroEnderecoTest#deveObterConsultaCadastroComoFoiSetado,
com.fincatto.documentofiscal.nfe310.classes.cadastro.NFRetornoConsultaCadastroEnderecoTest#deveObterComplementoComoFoiSetado,
com.fincatto.documentofiscal.nfe310.classes.cadastro.NFRetornoConsultaCadastroDadosTest#deveObterSituacaoCadastralComoFoiSetado,
com.fincatto.documentofiscal.nfe310.classes.cadastro.NFRetornoConsultaCadastroDadosTest#deveObterIEComoFoiSetado,
com.fincatto.documentofiscal.nfe310.classes.cadastro.NFRetornoConsultaCadastroDadosTest#deveObterCpfComoFoiSetado,
com.fincatto.documentofiscal.nfe310.classes.evento.manifestacaodestinatario.NFInfoEventoManifestacaoDestinatarioTest#deveGerarXMLDeAcordoComOPadraoEstabelecido,
com.fincatto.documentofiscal.nfe310.classes.cadastro.NFRetornoConsultaCadastroDadosTest#deveObterUFComoFoiSetado,
com.fincatto.documentofiscal.nfe310.classes.cadastro.NFRetornoConsultaCadastroDadosTest#deveObterVersaoAplicacaoComoFoiSetado,
com.fincatto.documentofiscal.nfe310.classes.cadastro.NFRetornoConsultaCadastroTest#deveObterDadosComoFoiSetado,
com.fincatto.documentofiscal.nfe310.classes.cadastro.NFRetornoConsultaCadastroDadosTest#deveObterUFAutorizadoraComoFoiSetado,
com.fincatto.documentofiscal.nfe310.classes.cadastro.NFRetornoConsultaCadastroDadosTest#deveObterStatusRespostaComoFoiSetado,
com.fincatto.documentofiscal.nfe310.classes.cadastro.NFRetornoConsultaCadastroDadosTest#deveObterCnpjComoFoiSetado,
com.fincatto.documentofiscal.nfe310.classes.cadastro.NFRetornoConsultaCadastroDadosTest#deveObterMotivoComoFoiSetado,
com.fincatto.documentofiscal.nfe310.classes.cadastro.NFInfoConsultaCadastroTest#naoDevePermitirCNPJSetadoQuandoCPFEstaSetado,
com.fincatto.documentofiscal.nfe310.classes.cadastro.NFInfoConsultaCadastroTest#deveObterOqueCpfFoiSetado,
com.fincatto.documentofiscal.nfe310.classes.cadastro.NFRetornoConsultaCadastroDadosTest#deveObterDataHoraProcessamentoComoFoiSetado,
com.fincatto.documentofiscal.nfe310.classes.cadastro.NFInfoConsultaCadastroTest#deveObterOqueIEFoiSetado,
com.fincatto.documentofiscal.nfe310.classes.cadastro.NFInfoConsultaCadastroTest#naoDevePermitirCPFSetadoQuandoCNPJEstaSetado,
com.fincatto.documentofiscal.nfe310.classes.cadastro.NFInfoConsultaCadastroTest#deveObterOqueUFFoiSetado,
com.fincatto.documentofiscal.nfe310.classes.cadastro.NFIndicadorContribuinteNFeTest#deveLancarExcecaoCasoNaoEncontreCodigo,
com.fincatto.documentofiscal.nfe310.classes.cadastro.NFInfoConsultaCadastroTest#deveObterOqueServicoFoiSetado,
com.fincatto.documentofiscal.nfe310.classes.cadastro.NFIndicadorContribuinteNFeTest#deveRepresentarOCodigoCorretamente,
com.fincatto.documentofiscal.nfe310.classes.cadastro.NFIndicadorContribuinteCTeTest#deveLancarExcecaoCasoNaoEncontreCodigo,
com.fincatto.documentofiscal.nfe310.classes.cadastro.NFRetornoConsultaCadastroSituacaoCadastralTest#deveObterUFComoFoiSetado,
com.fincatto.documentofiscal.nfe310.classes.cadastro.NFRetornoConsultaCadastroSituacaoCadastralTest#deveObterCnaePrincipalContribuinteComoFoiSetado,
com.fincatto.documentofiscal.nfe310.classes.cadastro.NFIndicadorContribuinteCTeTest#deveRepresentarOCodigoCorretamente,
com.fincatto.documentofiscal.nfe310.classes.cadastro.NFSituacaoContribuinteTest#deveLancarExcecaoCasoRecebaParametroNaoMapeado,
com.fincatto.documentofiscal.nfe310.classes.cadastro.NFSituacaoContribuinteTest#deveRepresentarOCodigoCorretamente,
com.fincatto.documentofiscal.nfe310.classes.cadastro.NFRetornoConsultaCadastroSituacaoCadastralTest#deveObterCpfComoFoiSetado,
com.fincatto.documentofiscal.nfe310.classes.cadastro.NFRetornoConsultaCadastroSituacaoCadastralTest#deveObterIEComoFoiSetado,
com.fincatto.documentofiscal.nfe310.classes.cadastro.NFRetornoConsultaCadastroSituacaoCadastralTest#deveObterIEUnicaComoFoiSetado,
com.fincatto.documentofiscal.nfe310.classes.cadastro.NFRetornoConsultaCadastroSituacaoCadastralTest#deveObterDataInicioAtividadeComoFoiSetado,
com.fincatto.documentofiscal.nfe310.classes.cadastro.NFRetornoConsultaCadastroSituacaoCadastralTest#deveObterEnderecoComoFoiSetado,
com.fincatto.documentofiscal.nfe310.classes.cadastro.NFRetornoConsultaCadastroSituacaoCadastralTest#deveObterRegimeApuracaoICMSContribuinteComoFoiSetado,
com.fincatto.documentofiscal.nfe310.classes.cadastro.NFRetornoConsultaCadastroSituacaoCadastralTest#deveObterCnpjComoFoiSetado,
com.fincatto.documentofiscal.nfe310.classes.cadastro.NFRetornoConsultaCadastroSituacaoCadastralTest#deveObterIndicadorContribuinteComoFoiSetado,
com.fincatto.documentofiscal.nfe310.classes.cadastro.NFRetornoConsultaCadastroSituacaoCadastralTest#deveObterSituacaoContribuinteComoFoiSetado,
com.fincatto.documentofiscal.nfe310.classes.cadastro.NFInfoConsultaCadastroTest#devePermitirCnpjNulo,
com.fincatto.documentofiscal.nfe310.classes.cadastro.NFRetornoConsultaCadastroSituacaoCadastralTest#deveObterIndicaodrContribuinteCTeComoFoiSetado,
com.fincatto.documentofiscal.nfe310.classes.cadastro.NFRetornoConsultaCadastroSituacaoCadastralTest#deveObterIEAtualComoFoiSetado,
com.fincatto.documentofiscal.nfe310.classes.cadastro.NFRetornoConsultaCadastroSituacaoCadastralTest#deveObterDataUltimaModificacaoComoFoiSetado,
com.fincatto.documentofiscal.nfe310.classes.cadastro.NFRetornoConsultaCadastroSituacaoCadastralTest#deveObterNomeFantasiaComoFoiSetado,
com.fincatto.documentofiscal.nfe310.classes.cadastro.NFRetornoConsultaCadastroSituacaoCadastralTest#deveObterDataOcorrenciaBaixaComoFoiSetado,
com.fincatto.documentofiscal.nfe310.classes.cadastro.NFRetornoConsultaCadastroSituacaoCadastralTest#deveObterRazaoSocialComoFoiSetado,
com.fincatto.documentofiscal.nfe310.classes.cadastro.NFInfoConsultaCadastroTest#naoDevePermitirServicoNulo,
com.fincatto.documentofiscal.nfe310.classes.cadastro.NFConsultaCadastroTest#deveObterOMesmoValorSetadoParaConsultaCadastro,
com.fincatto.documentofiscal.nfe310.classes.cadastro.NFInfoConsultaCadastroTest#devePermitirCpfNulo,
com.fincatto.documentofiscal.nfe310.classes.lote.envio.NFLoteIndicadorProcessamentoTest#deveObterAtravesDoCodigo,
com.fincatto.documentofiscal.nfe310.classes.lote.envio.NFLoteIndicadorProcessamentoTest#deveObterStringficadoCorretamente,
com.fincatto.documentofiscal.nfe310.classes.lote.envio.NFLoteEnvioTest#naoDevePermitirNotasComTamanhoInvalido,
com.fincatto.documentofiscal.nfe310.classes.lote.envio.NFLoteIndicadorProcessamentoTest#deveRetornarNuloCasoNaoExistaEnumComOCodigo,
com.fincatto.documentofiscal.nfe310.classes.cadastro.NFConsultaCadastroTest#deveObterOMesmoValorSetadoParaVersao,
com.fincatto.documentofiscal.nfe310.classes.lote.envio.NFLoteIndicadorProcessamentoTest#deveRepresentarOCodigoCorretamente,
com.fincatto.documentofiscal.nfe310.classes.lote.envio.NFLoteEnvioTest#devePermitirNotasComTamanho50,
com.fincatto.documentofiscal.nfe310.classes.cadastro.NFInfoConsultaCadastroTest#naoDevePermitirUfNulo,
com.fincatto.documentofiscal.nfe310.classes.lote.envio.NFLoteEnvioTest#naoDevePermitirIdLoteComTamanhoInvalido,
com.fincatto.documentofiscal.nfe310.classes.lote.envio.NFLoteEnvioTest#naoDevePermitirLetrasNoIdLote,
com.fincatto.documentofiscal.nfe310.classes.NFNotaInfoImpostoTributacaoICMSTest#deveRepresentarOCodigoCorretamente,
com.fincatto.documentofiscal.nfe310.classes.NFRetornoStatusTest#isDenegadoTest,
com.fincatto.documentofiscal.nfe310.classes.NFRetornoStatusTest#valueOfCodigoNaoMapeadoTest,
com.fincatto.documentofiscal.nfe310.classes.NFRetornoStatusTest#valueOfCodigoStringTest,
com.fincatto.documentofiscal.nfe310.classes.NFProgramaEmissorTest#deveRepresentarOCodigoCorretamente,
com.fincatto.documentofiscal.nfe310.classes.NFRetornoStatusTest#isDuplicadoTest,
com.fincatto.documentofiscal.nfe310.classes.NFRetornoStatusTest#isAutorizadoTest,
com.fincatto.documentofiscal.nfe310.classes.NFNotaInfoSituacaoTributariaCOFINSTest#deveRepresentarOCodigoCorretamente,
com.fincatto.documentofiscal.nfe310.classes.NFRetornoStatusTest#isRejeitadoTest,
com.fincatto.documentofiscal.nfe310.classes.NFOrigemTest#deveObterPeloCodigoCorretamente,
com.fincatto.documentofiscal.nfe310.classes.NFRetornoStatusTest#valueOfCodigoIntegerTest,
com.fincatto.documentofiscal.nfe310.classes.NFTipoTest#deveObterStringficadoCorretamente,
com.fincatto.documentofiscal.nfe310.classes.NFNotaInfoItemProdutoArmamentoTipoTest#deveRepresentarOCodigoCorretamente,
com.fincatto.documentofiscal.nfe310.classes.NFOrigemTest#deveRetornarStringficadoCorretamente,
com.fincatto.documentofiscal.nfe310.classes.NFNotaInfoItemProdutoArmamentoTipoTest#deveObterArmementoTipoDeAcordoComOCodigo,
com.fincatto.documentofiscal.nfe310.classes.NFFinalidadeTest#deveRepresentarOCodigoCorretamente,
com.fincatto.documentofiscal.nfe310.classes.NFOrigemTest#deveRepresentarOCodigoCorretamente,
com.fincatto.documentofiscal.nfe310.classes.cadastro.NFConsultaCadastroTest#naoDevePermitirVersaoNulo,
com.fincatto.documentofiscal.nfe310.classes.cadastro.NFConsultaCadastroTest#naoDevePermitirInfoConsultaCadastroNulo,
com.fincatto.documentofiscal.nfe310.classes.cartacorrecao.NFEnviaEventoTest#naoDevePermitirIdLoteComTamanhoInvalido,
com.fincatto.documentofiscal.nfe310.classes.lote.envio.NFLoteEnvioRetornoRecebimentoInfoTest#deveGerarXMLDeAcordoComOPadraoEstabelecido,
com.fincatto.documentofiscal.nfe310.classes.cartacorrecao.NFInfoEventoCartaCorrecaoTest#naoDevePermitirCNPJComTamanhoInvalido,
com.fincatto.documentofiscal.nfe310.classes.lote.consulta.NFLoteConsultaRetornoTest#deveGerarXMLDeAcordoComOPadraoEstabelecido,
com.fincatto.documentofiscal.nfe310.classes.lote.consulta.NFLoteConsultaTest#deveGerarXMLDeAcordoComOPadraoEstabelecido,
com.fincatto.documentofiscal.nfe310.classes.lote.envio.NFLoteEnvioTest#naoDevePermitirIndicadorProcessamentoNulo,
com.fincatto.documentofiscal.nfe310.classes.lote.envio.NFLoteEnvioTest#naoDevePermitirIdLoteNulo,
com.fincatto.documentofiscal.nfe310.classes.lote.envio.NFLoteEnvioTest#naoDevePermitirVersaoNulo,
com.fincatto.documentofiscal.nfe310.classes.lote.envio.NFLoteEnvioRetornoTest#deveGerarXMLDeAcordoComOPadraoEstabelecido,
com.fincatto.documentofiscal.nfe310.classes.lote.envio.NFLoteEnvioTest#deveGerarXMLDeAcordoComOPadraoEstabelecido,
com.fincatto.documentofiscal.nfe310.classes.cartacorrecao.NFInfoEventoCartaCorrecaoTest#naoDevePermitirCPFComTamanhoInvalido,
com.fincatto.documentofiscal.nfe310.classes.cartacorrecao.NFProtocoloEventoCartaCorrecaoTest#deveObterVersaoComoFoiSetado,
com.fincatto.documentofiscal.nfe310.classes.lote.envio.NFLoteEnvioTest#naoDevePermitirNotasNulo,
com.fincatto.documentofiscal.nfe310.classes.cartacorrecao.NFProtocoloEventoCartaCorrecaoTest#deveObterEventoRetornoComoFoiSetado,
com.fincatto.documentofiscal.nfe310.classes.cartacorrecao.NFProtocoloEventoCartaCorrecaoTest#deveObterEventoComoFoiSetado,
com.fincatto.documentofiscal.nfe310.classes.NFNotaInfoItemModalidadeBCICMSSTTest#deveRepresentarOCodigoCorretamente,
com.fincatto.documentofiscal.nfe310.classes.NFNotaInfoItemProdutoVeiculoCondicaoChassiTest#deveObterVeiculoCondicaoChassiApartirDoSeuCodigo,
com.fincatto.documentofiscal.nfe310.classes.statusservico.consulta.NFStatusServicoConsultaRetornoTest#deveObterTempoMedioComoFoiSetado,
com.fincatto.documentofiscal.nfe310.classes.NFNotaInfoItemProdutoVeiculoCondicaoChassiTest#deveRepresentarOCodigoCorretamente,
com.fincatto.documentofiscal.nfe310.classes.cartacorrecao.NFEnviaEventoTest#naoDevePermitirEventoNulo,
com.fincatto.documentofiscal.nfe310.classes.statusservico.consulta.NFStatusServicoConsultaRetornoTest#deveObterDataRecebimentoComoFoiSetado,
com.fincatto.documentofiscal.nfe310.classes.statusservico.consulta.NFStatusServicoConsultaRetornoTest#deveObterVersaoAplicacaoComoFoiSetado,
com.fincatto.documentofiscal.nfe310.classes.statusservico.consulta.NFStatusServicoConsultaRetornoTest#deveObterStatusComoFoiSetado,
com.fincatto.documentofiscal.nfe310.classes.statusservico.consulta.NFStatusServicoConsultaRetornoTest#deveObterUFComoFoiSetado,
com.fincatto.documentofiscal.nfe310.classes.statusservico.consulta.NFStatusServicoConsultaRetornoTest#deveObterObservacaoComoFoiSetado,
com.fincatto.documentofiscal.nfe310.classes.statusservico.consulta.NFStatusServicoConsultaRetornoTest#deveObterMotivoComoFoiSetado,
com.fincatto.documentofiscal.nfe310.classes.statusservico.consulta.NFStatusServicoConsultaRetornoTest#deveObterVersaoComoFoiSetado,
com.fincatto.documentofiscal.nfe310.classes.statusservico.consulta.NFStatusServicoConsultaRetornoTest#deveObterDataRetornoComoFoiSetado,
com.fincatto.documentofiscal.nfe310.classes.cartacorrecao.NFEnviaEventoTest#naoDevePermitirIdLoteNulo,
com.fincatto.documentofiscal.nfe310.classes.cartacorrecao.NFEnviaEventoTest#naoDevePermitirVersaoNulo,
com.fincatto.documentofiscal.nfe310.classes.statusservico.consulta.NFStatusServicoConsultaRetornoTest#deveObterAmbienteComoFoiSetado,
com.fincatto.documentofiscal.nfe310.classes.cartacorrecao.NFInfoEventoCartaCorrecaoTest#naoDevePermitirCartaCorrecaoNulo,
com.fincatto.documentofiscal.nfe310.classes.cartacorrecao.NFEnviaEventoTest#deveGerarXMLDeAcordoComOPadraoEstabelecido,
com.fincatto.documentofiscal.nfe310.classes.cartacorrecao.NFInfoEventoCartaCorrecaoTest#naoDevePermitirAmbienteNulo,
com.fincatto.documentofiscal.nfe310.classes.cartacorrecao.NFInfoEventoCartaCorrecaoTest#devePermitirCnpjNulo,
com.fincatto.documentofiscal.nfe310.classes.statusservico.NFStatusServicoConsultaTest#deveObterUFComoFoiSetado,
com.fincatto.documentofiscal.nfe310.classes.statusservico.NFStatusServicoConsultaTest#deveObterVersaoComoFoiSetado,
com.fincatto.documentofiscal.nfe310.classes.cartacorrecao.NFInfoEventoCartaCorrecaoTest#naoDevePermitirVersaoEventoNulo,
com.fincatto.documentofiscal.nfe310.classes.cartacorrecao.NFInfoEventoCartaCorrecaoTest#deveGerarXMLDeAcordoComOPadraoEstabelecido,
com.fincatto.documentofiscal.nfe310.classes.statusservico.NFStatusServicoConsultaTest#deveObterAmbienteComoFoiSetado,
com.fincatto.documentofiscal.nfe310.classes.statusservico.NFStatusServicoConsultaTest#deveObterServicoComoFoiSetado,
com.fincatto.documentofiscal.nfe310.classes.NFProdutoCompoeValorNotaTest#deveObterStringficadoCorretamente,
com.fincatto.documentofiscal.nfe310.classes.cartacorrecao.NFInfoEventoCartaCorrecaoTest#naoDevePermitirOrgaoNulo,
com.fincatto.documentofiscal.nfe310.classes.cartacorrecao.NFInfoEventoCartaCorrecaoTest#naoDevePermitirChaveNulo,
com.fincatto.documentofiscal.nfe310.classes.cartacorrecao.NFInfoEventoCartaCorrecaoTest#naoDevePermitirTipoEventoNulo,
com.fincatto.documentofiscal.nfe310.classes.cartacorrecao.NFInfoEventoCartaCorrecaoTest#naoDevePermitirNumeroSequencialEventoNulo,
com.fincatto.documentofiscal.nfe310.classes.NFProdutoCompoeValorNotaTest#deveObterProdutoCampoValorNotaApartirDoSeuCodigo,
com.fincatto.documentofiscal.nfe310.classes.cartacorrecao.NFInfoEventoCartaCorrecaoTest#naoDevePermitirIdNulo,
com.fincatto.documentofiscal.nfe310.classes.inutilizacao.NFRetornoEventoInutilizacaoDadosTest#deveObterNumeroNFInicialComoFoiSetado,
com.fincatto.documentofiscal.nfe310.classes.cartacorrecao.NFProtocoloEventoCartaCorrecaoTest#deveGerarXMLDeAcordoComOPadraoEstabelecido,
com.fincatto.documentofiscal.nfe310.classes.cartacorrecao.NFEventoCartaCorrecaoTest#naoDevePermitirInfoEventoNulo,
com.fincatto.documentofiscal.nfe310.classes.inutilizacao.NFRetornoEventoInutilizacaoDadosTest#deveObterStatusComoFoiSetado,
com.fincatto.documentofiscal.nfe310.classes.inutilizacao.NFRetornoEventoInutilizacaoDadosTest#deveObterNumeroNFFinalComoFoiSetado,
com.fincatto.documentofiscal.nfe310.classes.cartacorrecao.NFInfoEventoCartaCorrecaoTest#naoDevePermitirDataHoraEventoNulo,
com.fincatto.documentofiscal.nfe310.classes.cartacorrecao.NFEventoCartaCorrecaoTest#deveGerarXMLDeAcordoComOPadraoEstabelecido,
com.fincatto.documentofiscal.nfe310.classes.inutilizacao.NFRetornoEventoInutilizacaoDadosTest#deveObterDataHoraRecebimentoComoFoiSetado,
com.fincatto.documentofiscal.nfe310.classes.inutilizacao.NFRetornoEventoInutilizacaoDadosTest#deveObterCnpjComoFoiSetado,
com.fincatto.documentofiscal.nfe310.classes.inutilizacao.NFRetornoEventoInutilizacaoDadosTest#deveObterUnidadeFederativaComoFoiSetado,
com.fincatto.documentofiscal.nfe310.classes.inutilizacao.NFRetornoEventoInutilizacaoDadosTest#deveObterModeloNotaFiscalComoFoiSetado,
com.fincatto.documentofiscal.nfe310.classes.inutilizacao.NFRetornoEventoInutilizacaoDadosTest#deveObterVersaoAplicacaoComoFoiSetado,
com.fincatto.documentofiscal.nfe310.classes.inutilizacao.NFRetornoEventoInutilizacaoDadosTest#deveObterAnoComoFoiSetado,
com.fincatto.documentofiscal.nfe310.classes.inutilizacao.NFRetornoEventoInutilizacaoDadosTest#deveObterNumeroProtocoloComoFoiSetado,
com.fincatto.documentofiscal.nfe310.classes.cartacorrecao.NFEventoCartaCorrecaoTest#naoDevePermitirVersaoNulo,
com.fincatto.documentofiscal.nfe310.classes.inutilizacao.NFRetornoEventoInutilizacaoDadosTest#deveObterMotivoComoFoiSetado,
com.fincatto.documentofiscal.nfe310.classes.inutilizacao.NFRetornoEventoInutilizacaoDadosTest#deveObterIdentificadorComoFoiSetado,
com.fincatto.documentofiscal.nfe310.classes.inutilizacao.NFRetornoEventoInutilizacaoDadosTest#deveObterAmbienteComoFoiSetado,
com.fincatto.documentofiscal.nfe310.classes.inutilizacao.NFRetornoEventoInutilizacaoDadosTest#deveObterSerieComoFoiSetado,
com.fincatto.documentofiscal.nfe310.classes.inutilizacao.NFEventoCancelamentoDadosTest#devePermitirAmbosModelosDeNFe,
com.fincatto.documentofiscal.nfe310.classes.inutilizacao.NFEventoCancelamentoDadosTest#naoDevePermitirSerieInvalido,
com.fincatto.documentofiscal.nfe310.classes.inutilizacao.NFEventoCancelamentoDadosTest#naoDevePermitirModeloInvalido,
com.fincatto.documentofiscal.nfe310.classes.inutilizacao.NFEventoCancelamentoDadosTest#naoDevePermitirNumeroNFFinalInvalido,
com.fincatto.documentofiscal.nfe310.classes.inutilizacao.NFEventoCancelamentoDadosTest#naoDevePermitirCNPJInvalido,
com.fincatto.documentofiscal.nfe310.classes.inutilizacao.NFEventoCancelamentoDadosTest#naoDevePermitirServicoInvalido,
com.fincatto.documentofiscal.nfe310.classes.inutilizacao.NFEventoCancelamentoDadosTest#naoDevePermitirAnoDiferenteDeDuasCasas,
com.fincatto.documentofiscal.nfe310.classes.inutilizacao.NFEventoCancelamentoDadosTest#naoDevePermitirNumeroNFInicialInvalido,
com.fincatto.documentofiscal.nfe310.classes.inutilizacao.NFEventoCancelamentoDadosTest#naoDevePermitirIDInvalido,
com.fincatto.documentofiscal.nfe310.classes.NFNotaInfoItemModalidadeBCICMSTest#deveRepresentarOCodigoCorretamente,
com.fincatto.documentofiscal.nfe310.classes.inutilizacao.NFEventoCancelamentoDadosTest#naoDevePermitirJustificativaInvalido,
com.fincatto.documentofiscal.nfe310.classes.NFOrigemProcessoTest#deveRetornarNuloAoPassarCodigoInvalido,
com.fincatto.documentofiscal.nfe310.classes.NFProtocoloInfoTest#deveObterChaveComoFoiSetado,
com.fincatto.documentofiscal.nfe310.classes.NFProtocoloInfoTest#deveObterVersaoAplicacaoComoFoiSetado,
com.fincatto.documentofiscal.nfe310.classes.NFProtocoloInfoTest#deveObterStatusComoFoiSetado,
com.fincatto.documentofiscal.nfe310.classes.NFOrigemProcessoTest#deveRetornarOrigemProcessoAoPassarCodigoValido,
com.fincatto.documentofiscal.nfe310.classes.NFProtocoloInfoTest#deveObterNumeroProtocoloComoFoiSetado,
com.fincatto.documentofiscal.nfe310.classes.NFProtocoloInfoTest#deveObterIdentificadorComoFoiSetado,
com.fincatto.documentofiscal.nfe310.classes.NFNotaInfoVeiculoCorTest#deveRepresentarOCodigoCorretamente,
com.fincatto.documentofiscal.nfe310.classes.NFProtocoloInfoTest#deveObterValidadorComoFoiSetado,
com.fincatto.documentofiscal.nfe310.classes.NFProtocoloInfoTest#deveObterMotivoComoFoiSetado,
com.fincatto.documentofiscal.nfe310.classes.NFFormaPagamentoTest#deveRepresentarOCodigoCorretamente,
com.fincatto.documentofiscal.nfe310.classes.NFNotaInfoItemProdutoVeiculoRestricaoTest#deveObterProdutoVeiculoRestricaoApartirDoSeuCodigo,
com.fincatto.documentofiscal.nfe310.classes.NFOrigemProcessoTest#deveRetornarStringficadoCorretamente,
com.fincatto.documentofiscal.nfe310.classes.NFOrigemProcessoTest#deveRepresentarOCodigoCorretamente,
com.fincatto.documentofiscal.nfe310.classes.NFProtocoloInfoTest#deveObterAmbienteComoFoiSetado,
com.fincatto.documentofiscal.nfe310.classes.NFNotaInfoItemProdutoVeiculoRestricaoTest#deveRepresentarOCodigoCorretamente,
com.fincatto.documentofiscal.nfe310.classes.NFNotaInfoCombustivelTipoTest#deveRepresentarOCodigoCorretamente,
com.fincatto.documentofiscal.nfe310.classes.NFNotaInfoItemProdutoVeiculoTipoOperacaoTest#deveObterProdutoVeiculoTipoOperacaoApartirDoSeuCodigo,
com.fincatto.documentofiscal.nfe310.classes.NFNotaInfoItemProdutoVeiculoTipoOperacaoTest#deveRepresentarOCodigoCorretamente,
com.fincatto.documentofiscal.nfe310.classes.NFNotaInfoSituacaoTributariaPISTest#deveRepresentarOCodigoCorretamente,
com.fincatto.documentofiscal.nfe310.classes.inutilizacao.NFEventoCancelamentoDadosTest#naoDevePermitirAmbienteNulo,
com.fincatto.documentofiscal.nfe310.classes.inutilizacao.NFEventoCancelamentoDadosTest#naoDevePermitirSerieNulo,
com.fincatto.documentofiscal.nfe310.classes.inutilizacao.NFEnviaEventoInutilizacaoTest#naoDevePermitirVersaoNulo,
com.fincatto.documentofiscal.nfe310.classes.inutilizacao.NFEnviaEventoInutilizacaoTest#deveGerarXMLDeAcordoComOPadraoEstabelecido,
com.fincatto.documentofiscal.nfe310.classes.inutilizacao.NFEventoCancelamentoDadosTest#naoDevePermitirAnoNulo,
com.fincatto.documentofiscal.nfe310.classes.inutilizacao.NFEventoCancelamentoDadosTest#naoDevePermitirNumeroNotaFinalNulo,
com.fincatto.documentofiscal.nfe310.classes.inutilizacao.NFEventoCancelamentoDadosTest#naoDevePermitirNumeroNotaInicialNulo,
com.fincatto.documentofiscal.nfe310.classes.NFNotaInfoSituacaoTributariaIPITest#deveObterSituacaoTributariaIPIApartirDoSeuCodigo,
com.fincatto.documentofiscal.nfe310.classes.NFNotaInfoSituacaoTributariaIPITest#deveRepresentarOCodigoCorretamente,
com.fincatto.documentofiscal.nfe310.classes.inutilizacao.NFEventoCancelamentoDadosTest#naoDevePermitirServicoNulo,
com.fincatto.documentofiscal.nfe310.classes.NFNotaInfoTipoVeiculoTest#deveRepresentarOCodigoCorretamente,
com.fincatto.documentofiscal.nfe310.classes.inutilizacao.NFEventoCancelamentoDadosTest#naoDevePermitirCNPJNulo,
com.fincatto.documentofiscal.nfe310.classes.NFProtocoloTest#deveObterVersaoComoFoiSetado,
com.fincatto.documentofiscal.nfe310.classes.inutilizacao.NFEventoCancelamentoDadosTest#naoDevePermitirJustificativaNulo,
com.fincatto.documentofiscal.nfe310.classes.NFProtocoloTest#deveObterProtocoloInfoComoFoiSetado,
com.fincatto.documentofiscal.nfe310.classes.inutilizacao.NFEventoCancelamentoDadosTest#naoDevePermitirModeloNulo,
com.fincatto.documentofiscal.nfe310.classes.inutilizacao.NFEventoCancelamentoDadosTest#deveGerarXMLDeAcordoComOPadraoEstabelecido,
com.fincatto.documentofiscal.nfe310.classes.inutilizacao.NFEventoCancelamentoDadosTest#naoDevePermitirUFNulo,
com.fincatto.documentofiscal.nfe310.classes.NFProcessoEmissorTest#deveObterVeiculoCondicaoApartirDoSeuCodigo,
com.fincatto.documentofiscal.nfe310.classes.NFProcessoEmissorTest#deveObterStringficadoCorretamente,
com.fincatto.documentofiscal.nfe310.classes.NFTipoImpressaoTest#deveObterImpressaoApartirDoSeuCodigo,
com.fincatto.documentofiscal.nfe310.classes.NFProcessoEmissorTest#deveRepresentarOCodigoCorretamente,
com.fincatto.documentofiscal.nfe310.classes.inutilizacao.NFEventoCancelamentoDadosTest#naoDevePermitirIdentificadorNulo,
com.fincatto.documentofiscal.nfe310.classes.NFTipoImpressaoTest#deveObterStringficadoCorretamente,
com.fincatto.documentofiscal.nfe310.classes.NFTipoImpressaoTest#deveRepresentarOCodigoCorretamente,
com.fincatto.documentofiscal.nfe310.classes.NFProtocoloInfoTest#deveGerarXMLDeAcordoComOPadraoEstabelecido,
com.fincatto.documentofiscal.nfe310.classes.NFAutorizador31Test#naoPodeInutilizarNotasNoSCANEmProducao,
com.fincatto.documentofiscal.nfe310.classes.NFAutorizador31Test#deveObterAutorizadorDeChaveDeAcessoNFe,
com.fincatto.documentofiscal.nfe310.classes.NFAutorizador31Test#deveBuscarCorretamenteURLWebServiceSVAN,
com.fincatto.documentofiscal.nfe310.classes.NFAutorizador31Test#deveBuscarCorretamenteURLWebServiceSVRS,
com.fincatto.documentofiscal.nfe310.classes.NFAutorizador31Test#deveBuscarCorretamenteURLWebServiceSCAN,
com.fincatto.documentofiscal.nfe310.classes.NFAutorizador31Test#deveObterAsFederacoesQueSVANEhResponsavel,
com.fincatto.documentofiscal.nfe310.classes.NFAutorizador31Test#deveLancarExcecaoCasoTenteObterServicoIndisponivelSVAN,
com.fincatto.documentofiscal.nfe310.classes.NFAutorizador31Test#deveBuscarCorretamenteURLsWebServiceAM,
com.fincatto.documentofiscal.nfe310.classes.NFAutorizador31Test#naoPodeConsultarCadastroNoSCANEmHomologacao,
com.fincatto.documentofiscal.nfe310.classes.NFAutorizador31Test#deveBuscarCorretamenteURLsWebServiceAN,
com.fincatto.documentofiscal.nfe310.classes.NFAutorizador31Test#deveObterTodasAsUFsDoSVRS,
com.fincatto.documentofiscal.nfe310.classes.NFAutorizador31Test#deveObterEmissorNormalCasoEstejaContingenciaOffline,
com.fincatto.documentofiscal.nfe310.classes.NFAutorizador31Test#deveBuscarCorretamenteURLWebServiceCE,
com.fincatto.documentofiscal.nfe310.classes.NFAutorizador31Test#deveBuscarCorretamenteURLWebServiceMA,
com.fincatto.documentofiscal.nfe310.classes.NFAutorizador31Test#deveLancarExcecaoCasoRecebaUFNaoMapeada,
com.fincatto.documentofiscal.nfe310.classes.NFAutorizador31Test#naoPodeInutilizarNotasNoSCANEmHomologacao,
com.fincatto.documentofiscal.nfe310.classes.NFAutorizador31Test#deveBuscarCorretamenteURLWebServiceBA,
com.fincatto.documentofiscal.nfe310.classes.NFAutorizador31Test#deveBuscarCorretamenteURLWebServiceGO,
com.fincatto.documentofiscal.nfe310.classes.NFAutorizador31Test#deveObterSCRSCasoEstejaEmContigencia,
com.fincatto.documentofiscal.nfe310.classes.NFAutorizador31Test#deveBuscarCorretamenteURLWebServiceMS,
com.fincatto.documentofiscal.nfe310.classes.NFAutorizador31Test#deveBuscarCorretamenteURLWebServiceMG,
com.fincatto.documentofiscal.nfe310.classes.NFAutorizador31Test#deveBuscarCorretamenteURLWebServicePI,
com.fincatto.documentofiscal.nfe310.classes.NFAutorizador31Test#deveBuscarCorretamenteURLWebServiceRS,
com.fincatto.documentofiscal.nfe310.classes.NFAutorizador31Test#deveBuscarCorretamenteURLWebServicePA,
com.fincatto.documentofiscal.nfe310.classes.NFAutorizador31Test#deveBuscarCorretamenteURLWebServiceMT,
com.fincatto.documentofiscal.nfe310.classes.NFAutorizador31Test#deveBuscarCorretamenteURLWebServicePE,
com.fincatto.documentofiscal.nfe310.classes.NFAutorizador31Test#deveBuscarCorretamenteURLWebServicePR,
com.fincatto.documentofiscal.nfe310.classes.NFAutorizador31Test#deveBuscarCorretamenteURLWebServiceSP,
com.fincatto.documentofiscal.nfe310.classes.NFProtocoloTest#deveGerarXMLDeAcordoComOPadraoEstabelecido,
com.fincatto.documentofiscal.nfe310.classes.NFAutorizador31Test#naoDeveTerUFsAtreladaAoSCAN,
com.fincatto.documentofiscal.nfe310.classes.NFAutorizador31Test#deveObterEmissorNormal,
com.fincatto.documentofiscal.nfe310.classes.NFAutorizador31Test#deveObterSCANCasoEstejaEmContigencia,
com.fincatto.documentofiscal.nfe310.classes.NFAutorizador31Test#deveObterEmissorNormalCasoEstejaContingenciaFSDA,
com.fincatto.documentofiscal.nfe310.classes.NFAutorizador31Test#naoPodeConsultarCadastroNoSCANEmProducao,
com.fincatto.documentofiscal.nfe310.classes.NFAutorizador31Test#deveObterAutorizadorPelaUF,
com.fincatto.documentofiscal.nfe310.classes.NFTipoTest#deveObterTipoApartirDoSeuCodigo,
com.fincatto.documentofiscal.nfe310.classes.NFTipoTest#deveRepresentarOCodigoCorretamente,
com.fincatto.documentofiscal.nfe310.classes.NFAutorizador31Test#deveObterSVCAN,
com.fincatto.documentofiscal.nfe310.classes.NFAutorizador31Test#deveObterSVCRS,
com.fincatto.documentofiscal.nfe310.classes.NFNotaInfoImpostoTributacaoISSQNTest#deveRepresentarOCodigoCorretamente,
com.fincatto.documentofiscal.nfe310.classes.NFNotaMotivoDesoneracaoICMSTest#deveObterMotivoDesoneracaoICMSApartirDoSeuCodigo,
com.fincatto.documentofiscal.nfe310.classes.NFNotaMotivoDesoneracaoICMSTest#deveRepresentarOCodigoCorretamente,
com.fincatto.documentofiscal.nfe310.classes.NFNotaInfoEspecieVeiculoTest#deveRepresentarOCodigoCorretamente,
com.fincatto.documentofiscal.nfe310.classes.NFNotaInfoItemProdutoVeiculoCondicaoTest#deveObterVeiculoCondicaoApartirDoSeuCodigo,
com.fincatto.documentofiscal.nfe310.classes.NFRegimeTributarioTest#deveObterPeloCodigoCorretamente,
com.fincatto.documentofiscal.nfe310.classes.NFRegimeTributarioTest#deveObterNuloCasoNaoExistaCodigo,
com.fincatto.documentofiscal.nfe310.classes.NFNotaInfoItemProdutoVeiculoCondicaoTest#deveRepresentarOCodigoCorretamente,
com.fincatto.documentofiscal.nfe310.classes.NFModalidadeFreteTest#deveRepresentarOCodigoCorretamente,
com.fincatto.documentofiscal.nfe310.classes.NFRegimeTributarioTest#deveRetornarStringficadoCorretamente,
com.fincatto.documentofiscal.nfe310.classes.NFNotaSituacaoOperacionalSimplesNacionalTest#deveObterSituacaoOperacionalSimplesNacionalApartirDoSeuCodigo,
com.fincatto.documentofiscal.nfe310.classes.NFRegimeTributarioTest#deveRepresentarOCodigoCorretamente,
com.fincatto.documentofiscal.nfe310.transformers.NFFinalidadeTransformerTest#deveTestarEscrita,
com.fincatto.documentofiscal.nfe310.classes.NFNotaSituacaoOperacionalSimplesNacionalTest#deveRepresentarOCodigoCorretamente,
com.fincatto.documentofiscal.nfe310.transformers.NFFinalidadeTransformerTest#deveTestarLeitura,
com.fincatto.documentofiscal.nfe310.converters.NFStringNullToEmptyConverterTest#deveRetornarStringVaziaCasoSejaValorNulo,
com.fincatto.documentofiscal.nfe310.parsers.NotaFiscalChaveParserTest#naoDeveSerNotaEmitidaEmContigencia,
com.fincatto.documentofiscal.nfe310.parsers.NotaFiscalChaveParserTest#naoDevePermitirChaveDeTamanhoMenorMesmoComEspacos,
com.fincatto.documentofiscal.nfe310.parsers.NotaFiscalChaveParserTest#deveObterDivisorDaChave,
com.fincatto.documentofiscal.nfe310.parsers.NotaFiscalChaveParserTest#deveFormatarChave,
com.fincatto.documentofiscal.nfe310.parsers.NotaFiscalChaveParserTest#deveObterFormaEmissaoDaChave,
com.fincatto.documentofiscal.nfe310.parsers.NotaFiscalChaveParserTest#deveObterNumeroDaChave,
com.fincatto.documentofiscal.nfe310.parsers.NotaFiscalChaveParserTest#deveObterDataDeEmissaoDaChave,
com.fincatto.documentofiscal.nfe310.parsers.NotaFiscalChaveParserTest#deveObterCNPJEmitenteDaChave,
com.fincatto.documentofiscal.nfe310.parsers.NotaFiscalChaveParserTest#naoDevePermitirChaveComLetras,
com.fincatto.documentofiscal.nfe310.parsers.NotaFiscalChaveParserTest#naoDevePermitirChaveDeTamanhoMaior,
com.fincatto.documentofiscal.nfe310.parsers.NotaFiscalChaveParserTest#deveSerNotaEmitidaEmContigencia,
com.fincatto.documentofiscal.nfe310.parsers.NotaFiscalChaveParserTest#naoDevePermitirChaveDeTamanhoMenor,
com.fincatto.documentofiscal.nfe310.parsers.NotaFiscalChaveParserTest#deveObterUFDeChave,
com.fincatto.documentofiscal.nfe310.parsers.NotaFiscalChaveParserTest#deveObterCodigoNumericoDaChave,
com.fincatto.documentofiscal.nfe310.parsers.NotaFiscalChaveParserTest#naoDevePermitirChaveNula,
com.fincatto.documentofiscal.nfe310.parsers.NotaFiscalChaveParserTest#deveObterSerieDaChave,
com.fincatto.documentofiscal.nfe400.classes.nota.NFNotaInfoItemProdutoVeiculoTest#naoDevePermitirAnoFabricacaoComTamanhoInvalido,
com.fincatto.documentofiscal.nfe400.classes.nota.NFNotaInfoItemProdutoVeiculoTest#naoDevePermitirPotenciaComTamanhoInvalido,
com.fincatto.documentofiscal.nfe400.classes.nota.NFNotaInfoItemProdutoVeiculoTest#naoDevePermitirNumeroMotorComTamanhoInvalido,
com.fincatto.documentofiscal.nfe400.classes.nota.NFNotaInfoItemProdutoVeiculoTest#naoDevePermitirCilindradaComTamanhoInvalido,
com.fincatto.documentofiscal.nfe400.classes.nota.NFNotaInfoItemProdutoVeiculoTest#naoDevePermitirCapacidadeMaximaTracaoComTamanhoInvalido,
com.fincatto.documentofiscal.nfe400.classes.nota.NFNotaInfoItemProdutoVeiculoTest#naoDevePermitirDistanciaEntreEixosComTamanhoInvalido,
com.fincatto.documentofiscal.nfe400.classes.nota.NFNotaInfoItemProdutoVeiculoTest#naoDevePermitirTipoPenturaComTamanhoInvalido,
com.fincatto.documentofiscal.nfe400.classes.nota.NFNotaInfoItemProdutoVeiculoTest#naoDevePermitirChassiComTamanhoInvalido,
com.fincatto.documentofiscal.nfe400.classes.nota.NFNotaInfoItemProdutoVeiculoTest#naoDevePermitirLotacaoComTamanhoInvalido,
com.fincatto.documentofiscal.nfe400.classes.nota.NFNotaInfoItemProdutoVeiculoTest#naoDevePermitirNumeroSerieComTamanhoInvalido,
com.fincatto.documentofiscal.nfe400.classes.nota.NFNotaInfoItemProdutoVeiculoTest#naoDevePermitirCodigoMarcaModeloComTamanhoInvalido,
com.fincatto.documentofiscal.nfe400.classes.nota.NFNotaInfoItemProdutoVeiculoTest#naoDevePermitirAnoModeloFabricacaoComTamanhoInvalido,
com.fincatto.documentofiscal.nfe400.classes.nota.NFNotaInfoItemProdutoVeiculoTest#naoDevePermitirPesoBrutoComTamanhoInvalido,
com.fincatto.documentofiscal.nfe400.classes.nota.NFNotaInfoItemProdutoVeiculoTest#naoDevePermitirCodigoCorComTamanhoInvalido,
com.fincatto.documentofiscal.nfe400.classes.nota.NFNotaInfoItemProdutoVeiculoTest#naoDevePermitirCodigoCorNulo,
com.fincatto.documentofiscal.nfe400.classes.nota.NFNotaInfoItemProdutoVeiculoTest#naoDevePermitirCondicaoNulo,
com.fincatto.documentofiscal.nfe400.classes.nota.NFNotaInfoItemProdutoVeiculoTest#naoDevePermitirDescricaoCorNulo,
com.fincatto.documentofiscal.nfe400.classes.nota.NFNotaInfoItemProdutoVeiculoTest#naoDevePermitirAnoFabricacaoNulo,
com.fincatto.documentofiscal.nfe400.classes.nota.NFNotaInfoItemProdutoVeiculoTest#naoDevePermitirPesoLiquidoNulo,
com.fincatto.documentofiscal.nfe400.classes.nota.NFNotaInfoItemProdutoVeiculoTest#naoDevePermitirDescricaoCorComTamanhoInvalido,
com.fincatto.documentofiscal.nfe400.classes.nota.NFNotaInfoItemProdutoVeiculoTest#naoDevePermitirCodigoMarcaModeloNulo,
com.fincatto.documentofiscal.nfe400.classes.nota.NFNotaInfoItemProdutoVeiculoTest#naoDevePermitirDistanciaEntreEixosNulo,
com.fincatto.documentofiscal.nfe400.classes.nota.NFNotaInfoItemProdutoVeiculoTest#naoDevePermitirEspecieVeiculoNulo,
com.fincatto.documentofiscal.nfe400.classes.nota.NFNotaInfoItemProdutoVeiculoTest#naoDevePermitirPesoLiquidoComTamanhoInvalido,
com.fincatto.documentofiscal.nfe400.classes.nota.NFGeraQRCodeTest#geraSHA1,
com.fincatto.documentofiscal.nfe400.classes.nota.NFGeraQRCodeTest#geraSHA1v2,
com.fincatto.documentofiscal.nfe400.classes.nota.NFNotaInfoItemProdutoVeiculoTest#naoDevePermitirCondicaoChassiNulo,
com.fincatto.documentofiscal.nfe400.classes.nota.NFGeraQRCodeTest#geraQRCodeConformeEsperado,
com.fincatto.documentofiscal.nfe400.classes.nota.NFNotaInfoItemProdutoVeiculoTest#naoDevePermitirCodigoCorDENATRANNulo,
com.fincatto.documentofiscal.nfe400.classes.nota.NFNotaInfoExportacaoTest#naoDevePermitirLocalEmbarqueProdutosComTamanhoNaoPermitido,
com.fincatto.documentofiscal.nfe400.classes.nota.NFNotaInfoItemProdutoVeiculoTest#naoDevePermitirNumeroSerieNulo,
com.fincatto.documentofiscal.nfe400.classes.nota.NFGeraQRCodeTest#geraQRCodeConformeEsperadov2,
com.fincatto.documentofiscal.nfe400.classes.nota.NFNotaInfoItemProdutoVeiculoTest#naoDevePermitirRestricaoNulo,
com.fincatto.documentofiscal.nfe400.classes.nota.NFGeraChaveTest#geraChaveDeAcessoSemCodigoRandomicoRetornaExcecao,
com.fincatto.documentofiscal.nfe400.classes.nota.consulta.NFNotaConsultaTest#deveObterChaveComoFoiSetado,
com.fincatto.documentofiscal.nfe400.classes.nota.NFNotaInfoItemProdutoVeiculoTest#naoDevePermitirPesoBrutoNulo,
com.fincatto.documentofiscal.nfe400.classes.nota.NFGeraChaveTest#geraChaveDeAcessoRandomica,
com.fincatto.documentofiscal.nfe400.classes.nota.NFNotaInfoItemProdutoVeiculoTest#naoDevePermitirCapacidadeMaximaTracaoNulo,
com.fincatto.documentofiscal.nfe400.classes.nota.NFGeraChaveTest#geraChaveDeAcessoComCNPJConformeEsperado,
com.fincatto.documentofiscal.nfe400.classes.nota.NFNotaInfoItemProdutoVeiculoTest#naoDevePermitirNumeroMotorNulo,
com.fincatto.documentofiscal.nfe400.classes.nota.consulta.NFNotaConsultaTest#deveObterServicoComoFoiSetado,
com.fincatto.documentofiscal.nfe400.classes.nota.NFGeraChaveTest#geraChaveDeAcessoComCPFConformeEsperado,
com.fincatto.documentofiscal.nfe400.classes.nota.NFNotaInfoItemProdutoVeiculoTest#naoDevePermitirLotacaoNulo,
com.fincatto.documentofiscal.nfe400.classes.nota.consulta.NFNotaConsultaTest#deveObterAmbienteComoFoiSetado,
com.fincatto.documentofiscal.nfe400.classes.nota.consulta.NFNotaConsultaTest#deveObterVersaoComoFoiSetado,
com.fincatto.documentofiscal.nfe400.classes.nota.NFNotaInfoItemProdutoVeiculoTest#naoDevePermitirTipoCombustivelNulo,
com.fincatto.documentofiscal.nfe400.classes.nota.consulta.NFNotaConsultaTest#naoDevePermitirChaveComTamanhoInvalido,
com.fincatto.documentofiscal.nfe400.classes.nota.NFNotaInfoItemProdutoVeiculoTest#deveGerarXMLDeAcordoComOPadraoEstabelecido,
com.fincatto.documentofiscal.nfe400.classes.nota.consulta.NFNotaConsultaRetornoTest#deveObterChaveComoFoiSetado,
com.fincatto.documentofiscal.nfe400.classes.nota.consulta.NFNotaConsultaRetornoTest#deveObterProtocoloComoFoiSetado,
com.fincatto.documentofiscal.nfe400.classes.nota.consulta.NFNotaConsultaRetornoTest#deveObterVersaoComoFoiSetado,
com.fincatto.documentofiscal.nfe400.classes.nota.NFNotaInfoItemProdutoVeiculoTest#naoDevePermitirTipoVeiculoNulo,
com.fincatto.documentofiscal.nfe400.classes.nota.NFNotaInfoItemProdutoVeiculoTest#naoDevePermitirTipoPinturaNulo,
com.fincatto.documentofiscal.nfe400.classes.nota.NFNotaInfoItemProdutoVeiculoTest#naoDevePermitirTipoOperacaoNulo,
com.fincatto.documentofiscal.nfe400.classes.nota.NFNotaInfoItemProdutoVeiculoTest#naoDevePermitirCilindradaNulo,
com.fincatto.documentofiscal.nfe400.classes.nota.consulta.NFNotaConsultaRetornoTest#deveObterUfComoFoiSetado,
com.fincatto.documentofiscal.nfe400.classes.nota.NFNotaInfoItemProdutoVeiculoTest#naoDevePermitirChassiNulo,
com.fincatto.documentofiscal.nfe400.classes.nota.consulta.NFNotaConsultaRetornoTest#deveObterProtocoloEventoComoFoiSetado,
com.fincatto.documentofiscal.nfe400.classes.nota.consulta.NFNotaConsultaRetornoTest#deveObterStatusComoFoiSetado,
com.fincatto.documentofiscal.nfe400.classes.nota.consulta.NFNotaConsultaRetornoTest#deveObterDataHoraReciboComoFoiSetado,
com.fincatto.documentofiscal.nfe400.classes.nota.NFNotaInfoItemProdutoVeiculoTest#naoDevePermitirPotenciaNulo,
com.fincatto.documentofiscal.nfe400.classes.nota.NFNotaInfoExportacaoTest#naoDeveGerarXMLUfEmbarqueProdutoNulo,
com.fincatto.documentofiscal.nfe400.classes.nota.NFNotaInfoItemProdutoVeiculoTest#naoDevePermitirAnoModeloFabricacaoNulo,
com.fincatto.documentofiscal.nfe400.classes.nota.consulta.NFNotaConsultaRetornoTest#deveObterAmbienteComoFoiSetado,
com.fincatto.documentofiscal.nfe400.classes.nota.consulta.NFNotaConsultaRetornoTest#deveObterVersaoAplicativoComoFoiSetado,
com.fincatto.documentofiscal.nfe400.classes.nota.consulta.NFNotaConsultaRetornoTest#deveObterMotivoComoFoiSetado,
com.fincatto.documentofiscal.nfe400.classes.nota.consulta.NFNotaConsultaRetornoTest#deveObterProtocoloCancelamentoComoFoiSetado,
com.fincatto.documentofiscal.nfe400.classes.nota.NFNotaInfoExportacaoTest#naoDeveGerarXMLLocalEmbarqueProdutosNulo,
com.fincatto.documentofiscal.nfe400.classes.nota.NFNotaInfoExportacaoTest#deveGerarXMLDeAcordoComOPadraoEstabelecido,
com.fincatto.documentofiscal.nfe400.classes.nota.consulta.NFProtocoloEventoTest#deveObterEventoComoFoiSetado,
com.fincatto.documentofiscal.nfe400.classes.nota.consulta.NFProtocoloEventoTest#deveObterVersaoComoFoiSetado,
com.fincatto.documentofiscal.nfe400.classes.nota.consulta.NFProtocoloEventoTest#deveObterRetornoEventoComoFoiSetado,
com.fincatto.documentofiscal.nfe400.classes.nota.NFNotaInfoCompraTest#naoDevePermitirContratoComTamanhoNaoPermitido,
com.fincatto.documentofiscal.nfe400.classes.nota.NFNotaInfoCompraTest#naoDevePermitirNotaDeEmpenhoComTamanhoNaoPermitido,
com.fincatto.documentofiscal.nfe400.classes.nota.NFNotaInfoCompraTest#naoDevePermitirPedidoComTamanhoNaoPermitido,
com.fincatto.documentofiscal.nfe400.classes.nota.NFNotaInfoItemProdutoRastreabilidadeTest#naoDevePermitirQuantidadeComTamanhoInvalido,
com.fincatto.documentofiscal.nfe400.classes.nota.NFNotaInfoItemProdutoRastreabilidadeTest#naoDevePermitirLoteComTamanhoInvalido,
com.fincatto.documentofiscal.nfe400.classes.nota.NFNotaInfoItemImpostoImportacaoTest#naoDevePermitirValorDespesaAduaneiraTamanhoInvalido,
com.fincatto.documentofiscal.nfe400.classes.nota.NFNotaInfoItemImpostoImportacaoTest#naoDevePermitirImpostoImportacaoTamanhoInvalido,
com.fincatto.documentofiscal.nfe400.classes.nota.NFNotaInfoItemImpostoImportacaoTest#naoDevePermitirValorIOFTamanhoInvalido,
com.fincatto.documentofiscal.nfe400.classes.nota.NFNotaInfoItemImpostoImportacaoTest#naoDevePermitirValorBaseCalculoInvalido,
com.fincatto.documentofiscal.nfe400.classes.nota.NFNotaInfoCanaTest#naoDevePermitirSafraDeFormatoDiferente,
com.fincatto.documentofiscal.nfe400.classes.nota.NFNotaInfoCanaTest#naoDevePermitirSafraComTamanhoDiferenteQue9,
com.fincatto.documentofiscal.nfe400.classes.nota.NFNotaInfoCompraTest#deveGerarXMLSemContrato,
com.fincatto.documentofiscal.nfe400.classes.nota.NFNotaInfoCanaTest#naoDevePermitirSafraComTamanhoDiferenteQue4,
com.fincatto.documentofiscal.nfe400.classes.nota.NFNotaInfoItemProdutoRastreabilidadeTest#naoDevePermitirQuantidadeNulo,
com.fincatto.documentofiscal.nfe400.classes.nota.NFNotaInfoItemProdutoRastreabilidadeTest#naoDevePermitirLoteNulo,
com.fincatto.documentofiscal.nfe400.classes.nota.NFNotaInfoItemProdutoRastreabilidadeTest#naoDevePermitirDataValidadeNulo,
com.fincatto.documentofiscal.nfe400.classes.nota.NFNotaInfoCompraTest#deveGerarXMLSemNotaDeEmpenho,
com.fincatto.documentofiscal.nfe400.classes.nota.NFNotaInfoCompraTest#deveGerarXMLSemPedido,
com.fincatto.documentofiscal.nfe400.classes.nota.NFNotaInfoItemImpostoICMS30Test#naoDevePermitirValorZeradoParaPercentualFundoCombatePobreza,
com.fincatto.documentofiscal.nfe400.classes.nota.NFNotaInfoItemImpostoImportacaoTest#naoDevePermitirImpostoImportacaoNulo,
com.fincatto.documentofiscal.nfe400.classes.nota.NFNotaInfoPagamentoTest#deveGerarXMLDeAcordoComOPadraoEstabelecido,
com.fincatto.documentofiscal.nfe400.classes.nota.NFNotaInfoItemProdutoRastreabilidadeTest#deveGerarXMLDeAcordoComOPadraoEstabelecidoInformacaoProdutoEmbalagem,
com.fincatto.documentofiscal.nfe400.classes.nota.NFNotaInfoItemProdutoRastreabilidadeTest#naoDevePermitirDataFabricacaoNulo,
com.fincatto.documentofiscal.nfe400.classes.nota.NFNotaInfoItemImpostoICMS30Test#naoDevePermitirPercentualReducaoBCICMSSTComTamanhoInvalido,
com.fincatto.documentofiscal.nfe400.classes.nota.NFNotaInfoItemProdutoRastreabilidadeTest#deveGerarXMLDeAcordoComOPadraoEstabelecido,
com.fincatto.documentofiscal.nfe400.classes.nota.NFNotaInfoItemImpostoImportacaoTest#naoDevePermitirValorIOFNulo,
com.fincatto.documentofiscal.nfe400.classes.nota.NFNotaInfoItemProdutoRastreabilidadeTest#deveGerarXMLDeAcordoComOPadraoEstabelecidoInformacaoProduto,
com.fincatto.documentofiscal.nfe400.classes.nota.NFNotaInfoItemImpostoImportacaoTest#naoDevePermitirValorBaseCalculoNulo,
com.fincatto.documentofiscal.nfe400.classes.nota.NFNotaInfoItemImpostoICMS30Test#naoDevePermitirPercentualAliquotaImpostoICMSSTComTamanhoInvalido,
com.fincatto.documentofiscal.nfe400.classes.nota.NFNotaInfoCompraTest#deveGerarXMLDeAcordoComOPadraoEstabelecido,
com.fincatto.documentofiscal.nfe400.classes.nota.NFNotaInfoItemImpostoImportacaoTest#deveGerarXMLDeAcordoComOPadraoEstabelecido,
com.fincatto.documentofiscal.nfe400.classes.nota.NFNotaInfoItemImpostoICMS30Test#naoDevePermitirPercentualMargemValorAdicionadoICMSSTComTamanhoInvalido,
com.fincatto.documentofiscal.nfe400.classes.nota.NFNotaInfoItemImpostoImportacaoTest#naoDevePermitirValorDespesaAduaneiraNulo,
com.fincatto.documentofiscal.nfe400.classes.nota.NFNotaInfoCanaTest#naoDevePermitirSafraNulo,
com.fincatto.documentofiscal.nfe400.classes.nota.NFNotaInfoCanaTest#naoDevePermitirQtdTotalGeralNulo,
com.fincatto.documentofiscal.nfe400.classes.nota.NFNotaInfoCanaTest#naoDevePermitirListaFornecimentoDiarioVazio,
com.fincatto.documentofiscal.nfe400.classes.nota.NFNotaInfoCanaTest#naoDevePermitirReferenciaNulo,
com.fincatto.documentofiscal.nfe400.classes.nota.NFNotaInfoCanaTest#naoDevePermitirFornecimentoNulo,
com.fincatto.documentofiscal.nfe400.classes.nota.NFNotaInfoItemImpostoICMS30Test#naoDevePermitirValorBCICMSSTComTamanhoInvalido,
com.fincatto.documentofiscal.nfe400.classes.nota.NFNotaInfoCanaTest#naoDevePermitirQtdTotalAnteriorNulo,
com.fincatto.documentofiscal.nfe400.classes.nota.NFNotaInfoCanaTest#devePermitirListaDeducoesVazia,
com.fincatto.documentofiscal.nfe400.classes.nota.NFNotaInfoItemImpostoICMSSN102Test#deveGerarXMLDeAcordoComOPadraoEstabelecido,
com.fincatto.documentofiscal.nfe400.classes.nota.NFNotaInfoCanaTest#naoDevePermitirLiquidoFornecimentoNulo,
com.fincatto.documentofiscal.nfe400.classes.nota.NFNotaInfoCanaTest#deveGerarXMLDeAcordoComOPadraoEstabelecido,
com.fincatto.documentofiscal.nfe400.classes.nota.NFNotaInfoItemImpostoICMSSN102Test#naoDevePermitirOrigemNulo,
com.fincatto.documentofiscal.nfe400.classes.nota.NFNotaInfoCanaTest#naoDevePermitirTotalDeducaoNulo,
com.fincatto.documentofiscal.nfe400.classes.nota.NFNotaInfoCanaTest#naoDevePermitirQtdTotalMesNulo,
com.fincatto.documentofiscal.nfe400.classes.nota.NFNotaInfoItemImpostoICMSSN102Test#naoDevePermitirSituacaoOperacaoSNNulo,
com.fincatto.documentofiscal.nfe400.classes.nota.NFNotaInfoItemProdutoDetalhamentoEmbalagemTest#deveGerarXMLDeAcordoComOPadraoEstabelecido,
com.fincatto.documentofiscal.nfe400.classes.nota.NFNotaInfoItemImpostoICMS30Test#devePermitirValorICMSDesoneracaoNulo,
com.fincatto.documentofiscal.nfe400.classes.nota.NFNotaInfoItemImpostoICMS30Test#naoDevePermitirValorImpostoICMSSTNulo,
com.fincatto.documentofiscal.nfe400.classes.nota.NFNotaInfoItemImpostoICMS30Test#devePermitirPercentualMargemValorAdicionadoICMSSTNulo,
com.fincatto.documentofiscal.nfe400.classes.nota.NFInfoCupomFiscalReferenciadoTest#naoDevePermitirNumeroContadorOrdemOperacaoComTamanhoInvalido,
com.fincatto.documentofiscal.nfe400.classes.nota.NFNotaInfoItemImpostoICMS30Test#devePermitirPercentualReducaoBCICMSSTNulo,
com.fincatto.documentofiscal.nfe400.classes.nota.NFInfoCupomFiscalReferenciadoTest#naoDevePermitirNumeroOrdemSequencialECFComTamanhoInvalido,
com.fincatto.documentofiscal.nfe400.classes.nota.NFNotaInfoItemImpostoICMS30Test#naoDevePermitirValorImpostoICMSSTComTamanhoInvalido,
com.fincatto.documentofiscal.nfe400.classes.nota.NFInfoCupomFiscalReferenciadoTest#naoDevePermitirModeloDocumentoFiscalComTamanhoInvalido,
com.fincatto.documentofiscal.nfe400.classes.nota.assinatura.NFSignedInfoTest#deveObterCanonicalizationMethodComoFoiSetado,
com.fincatto.documentofiscal.nfe400.classes.nota.assinatura.NFSignedInfoTest#deveObterReferenceComoFoiSetado,
com.fincatto.documentofiscal.nfe400.classes.nota.NFNotaInfoItemImpostoICMS30Test#naoDevePermitirValorBCICMSSTNulo,
com.fincatto.documentofiscal.nfe400.classes.nota.assinatura.NFSignedInfoTest#deveObterSignatureMethodComoFoiSetado,
com.fincatto.documentofiscal.nfe400.classes.nota.assinatura.NFX509DataTest#deveObterx509certificateComoFoiSetado,
com.fincatto.documentofiscal.nfe400.classes.nota.assinatura.NFSignatureTest#deveObterSignedInfoComoFoiSetado,
com.fincatto.documentofiscal.nfe400.classes.nota.assinatura.NFSignatureTest#deveObterKeyInfoComoFoiSetado,
com.fincatto.documentofiscal.nfe400.classes.nota.assinatura.NFSignatureTest#deveObterSignatureValueComoFoiSetado,
com.fincatto.documentofiscal.nfe400.classes.nota.assinatura.NFReferenceTest#deveObterUriComoFoiSetado,
com.fincatto.documentofiscal.nfe400.classes.nota.assinatura.NFKeyInfoTest#deveObterComoFoiSetado,
com.fincatto.documentofiscal.nfe400.classes.nota.assinatura.NFTransformTest#deveObterAlgorithmComoFoiSetado,
com.fincatto.documentofiscal.nfe400.classes.nota.assinatura.NFReferenceTest#deveObterDigestMethodComoFoiSetado,
com.fincatto.documentofiscal.nfe400.classes.nota.assinatura.NFReferenceTest#deveObterTransformComoFoiSetado,
com.fincatto.documentofiscal.nfe400.classes.nota.NFNotaInfoItemImpostoICMS30Test#naoDevePermitirPercentualAliquotaImpostoICMSSTNulo,
com.fincatto.documentofiscal.nfe400.classes.nota.NFNotaInfoItemImpostoICMS30Test#deveGerarXMLDeAcordoComOPadraoEstabelecido,
com.fincatto.documentofiscal.nfe400.classes.nota.assinatura.NFReferenceTest#deveObterDigestValueComoFoiSetado,
com.fincatto.documentofiscal.nfe400.classes.nota.NFNotaInfoItemImpostoICMS30Test#naoDevePermitirSituacaoTributariaNulo,
com.fincatto.documentofiscal.nfe400.classes.nota.NFNotaInfoTransportadorTest#naoDevePermitirRazaoSocialInvalido,
com.fincatto.documentofiscal.nfe400.classes.nota.NFNotaInfoItemImpostoICMS30Test#naoDevePermitirOrigemNulo,
com.fincatto.documentofiscal.nfe400.classes.nota.NFNotaInfoTransportadorTest#naoDevePermitirInscricaoEstadualInvalido,
com.fincatto.documentofiscal.nfe400.classes.nota.NFNotaInfoTransportadorTest#naoDevePermitirSetarCNPJCasoCPFEstejaSetado,
com.fincatto.documentofiscal.nfe400.classes.nota.NFNotaInfoItemImpostoICMS30Test#devePermitirDesoneracaoNulo,
com.fincatto.documentofiscal.nfe400.classes.nota.NFNotaInfoTransportadorTest#devePermitirNomeMunicipioValido,
com.fincatto.documentofiscal.nfe400.classes.nota.NFInfoCupomFiscalReferenciadoTest#naoDevePermitirModeloDocumentoFiscalNulo,
com.fincatto.documentofiscal.nfe400.classes.nota.NFNotaInfoItemImpostoICMS30Test#naoDevePermitirModalidadeDeterminacaoBCNulo,
com.fincatto.documentofiscal.nfe400.classes.nota.NFInfoCupomFiscalReferenciadoTest#deveGerarXMLDeAcordoComOPadraoEstabelecido,
com.fincatto.documentofiscal.nfe400.classes.nota.NFNotaInfoTransportadorTest#naoDevePermitirCNPJInvalido,
com.fincatto.documentofiscal.nfe400.classes.nota.NFNotaInfoTransportadorTest#devePermitirRazaoSocialValido,
com.fincatto.documentofiscal.nfe400.classes.nota.NFInfoCupomFiscalReferenciadoTest#naoDevePermitirNumeroContadorOrdemOperacaoNulo,
com.fincatto.documentofiscal.nfe400.classes.nota.NFNotaInfoTransportadorTest#naoDevePermitirNomeMunicipioTamanhoInvalido,
com.fincatto.documentofiscal.nfe400.classes.nota.NFNotaInfoTransportadorTest#devePermitirInscricaoEstadualValido,
com.fincatto.documentofiscal.nfe400.classes.nota.NFInfoCupomFiscalReferenciadoTest#naoDevePermitirNumeroOrdemSequencialECFNulo,
com.fincatto.documentofiscal.nfe400.classes.nota.NFNotaInfoTransportadorTest#naoDevePermitirCPFInvalido,
com.fincatto.documentofiscal.nfe400.classes.nota.NFNotaInfoTransportadorTest#naoDevePermitirSetarCPFCasoCNPJEstejaSetado,
com.fincatto.documentofiscal.nfe400.classes.nota.NFNotaInfoAvulsaTest#naoDevePermitirFoneComTamanhoInvalido,
com.fincatto.documentofiscal.nfe400.classes.nota.NFNotaInfoAvulsaTest#naoDevePermitirOrgaoEmitenteComTamanhoInvalido,
com.fincatto.documentofiscal.nfe400.classes.nota.NFNotaInfoAvulsaTest#naoDevePermitirCnpjComTamanhoInvalido,
com.fincatto.documentofiscal.nfe400.classes.nota.NFNotaInfoAvulsaTest#naoDevePermitirMatriculaAgenteComTamanhoInvalido,
com.fincatto.documentofiscal.nfe400.classes.nota.NFNotaInfoAvulsaTest#naoDevePermitirNomeAgenteComTamanhoInvalido,
com.fincatto.documentofiscal.nfe400.classes.nota.NFNotaInfoTransportadorTest#devePermitirCNPJNulo,
com.fincatto.documentofiscal.nfe400.classes.nota.NFNotaInfoTransportadorTest#devePermitirInscricaoEstadualNulo,
com.fincatto.documentofiscal.nfe400.classes.nota.NFNotaInfoAvulsaTest#naoDevePermitirReparticaoFiscalEmitenteComTamanhoInvalido,
com.fincatto.documentofiscal.nfe400.classes.nota.NFNotaInfoTransportadorTest#devePermitirUFNulo,
com.fincatto.documentofiscal.nfe400.classes.nota.NFNotaInfoAvulsaTest#naoDevePermitirNumeroDocumentoArrecadacaoReceitaComTamanhoInvalido,
com.fincatto.documentofiscal.nfe400.classes.nota.NFNotaInfoAvulsaTest#naoDevePermitirValorTotalConstanteDocumentoArrecadacaoReceitaComTamanhoInvalido,
com.fincatto.documentofiscal.nfe400.classes.nota.NFNotaInfoTransportadorTest#devePermitirEnderecoComplementoNulo,
com.fincatto.documentofiscal.nfe400.classes.nota.NFNotaInfoItemImpostoPISSTTest#naoDevePermitirValorBaseCalculoComTamanhoInvalido,
com.fincatto.documentofiscal.nfe400.classes.nota.NFNotaInfoItemImpostoPISSTTest#naoDevePermitirValorlAliquotaComTamanhoInvalido,
com.fincatto.documentofiscal.nfe400.classes.nota.NFNotaInfoItemImpostoPISSTTest#naoDevePermitirPercentualAliquotaComTamanhoInvalido,
com.fincatto.documentofiscal.nfe400.classes.nota.NFNotaInfoItemImpostoPISSTTest#naoDevePermitirSetarQuantidadeVendidaCasoPercentualAliquotaOuValorBaseCalculoEstejaSetado,
com.fincatto.documentofiscal.nfe400.classes.nota.NFNotaInfoTransportadorTest#devePermitirCPFNulo,
com.fincatto.documentofiscal.nfe400.classes.nota.NFNotaInfoTransportadorTest#devePermitirRazaoSocialNulo,
com.fincatto.documentofiscal.nfe400.classes.nota.NFNotaInfoItemImpostoPISSTTest#naoDevePermitirValorlTributoComTamanhoInvalido,
com.fincatto.documentofiscal.nfe400.classes.nota.NFNotaInfoTransportadorTest#deveGerarXMLDeAcordoComOPadraoEstabelecido,
com.fincatto.documentofiscal.nfe400.classes.nota.NFNotaInfoItemImpostoPISSTTest#naoDevePermitirSetarValorBaseCalculoCasoValorAliquotaOuQuantidadeVendidaEstejaSetado,
com.fincatto.documentofiscal.nfe400.classes.nota.NFNotaInfoTransportadorTest#devePermitirNomeMunicipioNulo,
com.fincatto.documentofiscal.nfe400.classes.nota.NFNotaInfoItemImpostoPISSTTest#naoDevePermitirSetarValorAliquotaCasoPercentualAliquotaOuValorBaseCalculoEstejaSetado,
com.fincatto.documentofiscal.nfe400.classes.nota.NFNotaInfoItemImpostoPISSTTest#naoDevePermitirSetarPercentualAliquotaCasoValorAliquotaOuQuantidadeVendidaEstejaSetado,
com.fincatto.documentofiscal.nfe400.classes.nota.NFNotaInfoAvulsaTest#naoDevePermitirNomeAgenteNulo,
com.fincatto.documentofiscal.nfe400.classes.nota.NFNotaInfoAvulsaTest#devePermitirValorTotalConstanteDocumentoArrecadacaoReceitaNulo,
com.fincatto.documentofiscal.nfe400.classes.nota.NFNotaInfoAvulsaTest#naoDevePermitirMatriculaAgenteNulo,
com.fincatto.documentofiscal.nfe400.classes.nota.NFNotaInfoAvulsaTest#naoDevePermitirOrgaoEmitenteNulo,
com.fincatto.documentofiscal.nfe400.classes.nota.NFNotaInfoAvulsaTest#naoDevePermitirReparticaoFiscalEmitenteNulo,
com.fincatto.documentofiscal.nfe400.classes.nota.NFNotaInfoItemImpostoPISSTTest#naoDevePermitirQuantidadeVendidaComTamanhoInvalido,
com.fincatto.documentofiscal.nfe400.classes.nota.NFNotaInfoItemImpostoICMSUFDestinoTest#deveObterPercentualProvisorioPartilhaComoFoiSetado,
com.fincatto.documentofiscal.nfe400.classes.nota.NFNotaInfoItemImpostoICMSUFDestinoTest#deveObterValorBaseCalculoDestinoComoFoiSetado,
com.fincatto.documentofiscal.nfe400.classes.nota.NFNotaInfoItemImpostoICMSUFDestinoTest#deveObterValorRelativoFundoCombatePobrezaDestinoComoFoiSetado,
com.fincatto.documentofiscal.nfe400.classes.nota.NFNotaInfoItemImpostoICMSUFDestinoTest#deveObterPercentualInterestadualComoFoiSetado,
com.fincatto.documentofiscal.nfe400.classes.nota.NFNotaInfoItemImpostoICMSUFDestinoTest#deveObterPercentualRelativoFundoCombatePobrezaDestinoComoFoiSetado,
com.fincatto.documentofiscal.nfe400.classes.nota.NFNotaInfoItemImpostoICMSUFDestinoTest#deveObterValorICMSInterestadualDestinoComoFoiSetado,
com.fincatto.documentofiscal.nfe400.classes.nota.NFNotaInfoAvulsaTest#naoDevePermitirCnpjNulo,
com.fincatto.documentofiscal.nfe400.classes.nota.NFNotaInfoAvulsaTest#devePermitirDataPagamentoDocumentoArrecadacaoNulo,
com.fincatto.documentofiscal.nfe400.classes.nota.NFNotaInfoItemImpostoICMSUFDestinoTest#deveObterValorICMSInterestadualRemetenteComoFoiSetado,
com.fincatto.documentofiscal.nfe400.classes.nota.NFNotaInfoAvulsaTest#devePermitirNumeroDocumentoArrecadacaoReceitaNulo,
com.fincatto.documentofiscal.nfe400.classes.nota.NFNotaInfoAvulsaTest#deveGerarXMLDeAcordoComOPadraoEstabelecido,
com.fincatto.documentofiscal.nfe400.classes.nota.NFNotaInfoItemImpostoPISSTTest#deveGerarXMLDeAcordoComOPadraoEstabelecidoQuantidadeVendaAliquota,
com.fincatto.documentofiscal.nfe400.classes.nota.NFNotaInfoAvulsaTest#devePermitirFoneNulo,
com.fincatto.documentofiscal.nfe400.classes.nota.NFNotaInfoItemImpostoPISSTTest#deveGerarXMLDeAcordoComOPadraoEstabelecidoBCAliquotaPercentual,
com.fincatto.documentofiscal.nfe400.classes.nota.NFNotaInfoAvulsaTest#devePermitirDataEmissaoDocumentoArrecadacaoNulo,
com.fincatto.documentofiscal.nfe400.classes.nota.NFIndicadorIntermediadorTest#deveObterTipoApartirDoSeuCodigo,
com.fincatto.documentofiscal.nfe400.classes.nota.NFNotaInfoAvulsaTest#naoDevePermitirUFNulo,
com.fincatto.documentofiscal.nfe400.classes.nota.NFNotaInfoItemImpostoPISSTTest#deveGerarXMLDeAcordoComOPadraoEstabelecidoIndicadorSoma,
com.fincatto.documentofiscal.nfe400.classes.nota.NFNotaInfoItemExportacaoIndiretaTest#deveObterNumeroRegistroExportacaoComoFoiSetado,
com.fincatto.documentofiscal.nfe400.classes.nota.NFIndicadorIntermediadorTest#deveRepresentarOCodigoCorretamente,
com.fincatto.documentofiscal.nfe400.classes.nota.NFNotaInfoItemImpostoICMSUFDestinoTest#deveObterPercentualAliquotaInternaDestinoComoFoiSetado,
com.fincatto.documentofiscal.nfe400.classes.nota.NFNotaInfoItemExportacaoIndiretaTest#naoDevePermitirQuantidadeIemEfetivamenteExportadoComTamanhoInvalido,
com.fincatto.documentofiscal.nfe400.classes.nota.NFNotaInfoItemExportacaoIndiretaTest#naoDevePermitirNumeroRegistroExportacaoComTamanhoInvalido,
com.fincatto.documentofiscal.nfe400.classes.nota.NFNotaInfoItemExportacaoIndiretaTest#deveObterQuantidadeItemEfetivamenteExportadoComoFoiSetado,
com.fincatto.documentofiscal.nfe400.classes.nota.NFNotaInfoItemImpostoICMSUFDestinoTest#naoDevePermitirPercentualInterestadualNulo,
com.fincatto.documentofiscal.nfe400.classes.nota.NFNotaInfoItemExportacaoIndiretaTest#deveObterChaveAcessoNFeComoFoiSetado,
com.fincatto.documentofiscal.nfe400.classes.nota.NFNotaInfoItemImpostoICMSUFDestinoTest#deveGerarXMLDeAcordoComOPadraoEstabelecido,
com.fincatto.documentofiscal.nfe400.classes.nota.NFNotaInfoItemImpostoPISQuantidadeTest#naoDevePermitrValorTributoNulo,
com.fincatto.documentofiscal.nfe400.classes.nota.NFNotaInfoItemImpostoICMSUFDestinoTest#naoDevePermitirPercentualAliquotaInternaDestinoNulo,
com.fincatto.documentofiscal.nfe400.classes.nota.NFNotaInfoItemImpostoPISQuantidadeTest#naoDevePermitirValorlAliquotaComTamanhoInvalido,
com.fincatto.documentofiscal.nfe400.classes.nota.NFNotaInfoItemImpostoPISQuantidadeTest#naoDevePermitrQuantidadeVendidaNulo,
com.fincatto.documentofiscal.nfe400.classes.nota.NFNotaInfoItemImpostoPISQuantidadeTest#naoDevePermitirValorlTributoComTamanhoInvalido,
com.fincatto.documentofiscal.nfe400.classes.nota.NFNotaInfoItemImpostoICMSUFDestinoTest#naoDevePermitirValorICMSInterestadualRemetenteNulo,
com.fincatto.documentofiscal.nfe400.classes.nota.NFNotaInfoProcessoReferenciadoTest#naoDevePermitirIdentificadorProcessoOuAtoConcessorioComTamanhoNaoPermitido,
com.fincatto.documentofiscal.nfe400.classes.nota.NFNotaInfoItemImpostoPISQuantidadeTest#naoDevePermitrValorAliquotaNulo,
com.fincatto.documentofiscal.nfe400.classes.nota.NFNotaInfoProcessoReferenciadoTest#naoDevePermitirIndicadorOrigemProcessoNulo,
com.fincatto.documentofiscal.nfe400.classes.nota.NFNotaInfoItemImpostoICMSUFDestinoTest#naoDevePermitirPercentualProvisorioPartilhaNulo,
com.fincatto.documentofiscal.nfe400.classes.nota.NFNotaInfoItemImpostoPISQuantidadeTest#naoDevePermitirQuantidadeVendidaComTamanhoInvalido,
com.fincatto.documentofiscal.nfe400.classes.nota.NFNotaInfoItemImpostoPISOutrasOperacoesTest#naoDevePermitirPercentualAliquotaComTamanhoInvalido,
com.fincatto.documentofiscal.nfe400.classes.nota.NFNotaInfoItemImpostoPISOutrasOperacoesTest#naoDevePermitirValorBaseCalculoComTamanhoInvalido,
com.fincatto.documentofiscal.nfe400.classes.nota.NFNotaInfoItemImpostoPISOutrasOperacoesTest#naoDevePermitirSetarQuantidadeVendidaCasoPercentualAliquotaOuValorBaseCalculoEstejaSetado,
com.fincatto.documentofiscal.nfe400.classes.nota.NFNotaInfoItemImpostoPISOutrasOperacoesTest#naoDevePermitirValorlAliquotaComTamanhoInvalido,
com.fincatto.documentofiscal.nfe400.classes.nota.NFNotaInfoItemImpostoICMSUFDestinoTest#naoDevePermitirValorICMSInterestadualDestinoNulo,
com.fincatto.documentofiscal.nfe400.classes.nota.NFNotaInfoItemImpostoPISOutrasOperacoesTest#naoDevePermitirValorlTributoComTamanhoInvalido,
com.fincatto.documentofiscal.nfe400.classes.nota.NFNotaInfoItemExportacaoIndiretaTest#deveGerarXMLDeAcordoComOPadraoEstabelecidoComVagao,
com.fincatto.documentofiscal.nfe400.classes.nota.NFNotaInfoItemImpostoPISOutrasOperacoesTest#naoDevePermitirSetarValorBaseCalculoCasoValorAliquotaOuQuantidadeVendidaEstejaSetado,
com.fincatto.documentofiscal.nfe400.classes.nota.NFNotaInfoItemExportacaoIndiretaTest#naoDevePermitirQuantidadeItemEfetivamenteExportadoNulo,
com.fincatto.documentofiscal.nfe400.classes.nota.NFNotaInfoItemImpostoPISOutrasOperacoesTest#naoDevePermitirSetarPercentualAliquotaCasoValorAliquotaOuQuantidadeVendidaEstejaSetado,
com.fincatto.documentofiscal.nfe400.classes.nota.NFNotaInfoItemImpostoPISOutrasOperacoesTest#naoDevePermitirSetarValorAliquotaCasoPercentualAliquotaOuValorBaseCalculoEstejaSetado,
com.fincatto.documentofiscal.nfe400.classes.nota.NFNotaInfoItemImpostoPISOutrasOperacoesTest#naoDevePermitirQuantidadeVendidaComTamanhoInvalido,
com.fincatto.documentofiscal.nfe400.classes.nota.NFNotaInfoItemExportacaoIndiretaTest#naoDevePermitirNumeroRegistroExportacaoNulo,
com.fincatto.documentofiscal.nfe400.classes.nota.NFNotaInfoFaturaTest#devePermitirNumeroFaturaComTamanhoValido,
com.fincatto.documentofiscal.nfe400.classes.nota.NFNotaInfoCobrancaTest#naoDevePermitirDuplicatasTamanhoInvalido,
com.fincatto.documentofiscal.nfe400.classes.nota.NFNotaInfoFaturaTest#deveObterValorDescontoComoFoiSetado,
com.fincatto.documentofiscal.nfe400.classes.nota.NFNotaInfoCobrancaTest#devePermitirDuplicatasTamanhoValido,
com.fincatto.documentofiscal.nfe400.classes.nota.NFNotaInfoItemExportacaoIndiretaTest#naoDevePermitirChaveAcessoNFeNulo,
com.fincatto.documentofiscal.nfe400.classes.nota.NFNotaInfoFaturaTest#deveObterComoFoiSetado,
com.fincatto.documentofiscal.nfe400.classes.nota.NFNotaInfoFaturaTest#deveObterValorLiquidoFaturaComoFoiSetado,
com.fincatto.documentofiscal.nfe400.classes.nota.NFNotaInfoItemImpostoPISQuantidadeTest#naoDevePermitrSituacaoTributariaNulo,
com.fincatto.documentofiscal.nfe400.classes.nota.NFNotaInfoFaturaTest#deveObterNumeroFaturaComoFoiSetado,
com.fincatto.documentofiscal.nfe400.classes.nota.NFNotaInfoProcessoReferenciadoTest#naoDevePermitirIdentificadorProcessoOuAtoConcessorioNulo,
com.fincatto.documentofiscal.nfe400.classes.nota.NFNotaInfoItemImpostoPISQuantidadeTest#deveGerarXMLDeAcordoComOPadraoEstabelecido,
com.fincatto.documentofiscal.nfe400.classes.nota.NFNotaInfoProcessoReferenciadoTest#deveGerarXMLDeAcordoComOPadraoEstabelecido,
com.fincatto.documentofiscal.nfe400.classes.nota.NFNotaInfoFaturaTest#naoDevePermitirNumeroFaturaComTamanhoInvalido,
com.fincatto.documentofiscal.nfe400.classes.nota.NFNotaInfoItemImpostoPISOutrasOperacoesTest#deveGerarXMLDeAcordoComOPadraoEstabelecidoBCAliquotaPercentual,
com.fincatto.documentofiscal.nfe400.classes.nota.NFNotaInfoItemIndicadorIncentivoFiscalTest#deveRepresentarOCodigoCorretamente,
com.fincatto.documentofiscal.nfe400.classes.nota.NFNotaInfoItemIndicadorIncentivoFiscalTest#deveObterStringficadoCorretamente,
com.fincatto.documentofiscal.nfe400.classes.nota.NFNotaInfoItemIndicadorIncentivoFiscalTest#deveObterTipoApartirDoSeuCodigo,
com.fincatto.documentofiscal.nfe400.classes.nota.NFNotaInfoItemImpostoPISOutrasOperacoesTest#deveGerarXMLDeAcordoComOPadraoEstabelecidoQuantidadeVendaAliquota,
com.fincatto.documentofiscal.nfe400.classes.nota.NFNotaInfoItemImpostoCOFINSOutrasOperacoesTest#naoDevePermitirValorCOFINSComTamanhoInvalido,
com.fincatto.documentofiscal.nfe400.classes.nota.NFNotaInfoCobrancaTest#devePermitirDuplicataNulo,
com.fincatto.documentofiscal.nfe400.classes.nota.NFNotaInfoItemImpostoCOFINSOutrasOperacoesTest#naoDevePermitirValorBaseCalculoComTamanhoInvalido,
com.fincatto.documentofiscal.nfe400.classes.nota.NFNotaInfoItemImpostoPISOutrasOperacoesTest#naoDevePermitirSituacaoTributariaNulo,
com.fincatto.documentofiscal.nfe400.classes.nota.NFNotaInfoItemImpostoCOFINSOutrasOperacoesTest#naoDevePermitirValorAliquotaComTamanhoInvalido,
com.fincatto.documentofiscal.nfe400.classes.nota.NFNotaInfoFaturaTest#devePermitirValorOriginalFaturaNulo,
com.fincatto.documentofiscal.nfe400.classes.nota.NFNotaInfoCobrancaTest#deveGerarXMLDeAcordoComOPadraoEstabelecido,
com.fincatto.documentofiscal.nfe400.classes.nota.NFNotaInfoItemImpostoCOFINSOutrasOperacoesTest#naoDevePermitirPercentualCOFINSComTamanhoInvalido,
com.fincatto.documentofiscal.nfe400.classes.nota.NFNotaInfoItemImpostoCOFINSOutrasOperacoesTest#naoDevePermitirQuantidadeVendidaComTamanhoInvalido,
com.fincatto.documentofiscal.nfe400.classes.nota.NFNotaInfoCobrancaTest#devePermitirFaturaNulo,
com.fincatto.documentofiscal.nfe400.classes.nota.NFNotaInfoImpostoTributacaoISSQNTest#deveRetornarTributacaoISSQNaoPassarCodigoValido,
com.fincatto.documentofiscal.nfe400.classes.nota.NFNotaInfoFaturaTest#devePermitirValorLiquidoFaturaNulo,
com.fincatto.documentofiscal.nfe400.classes.nota.NFNotaInfoFaturaTest#deveGerarXMLDeAcordoComOPadraoEstabelecido,
com.fincatto.documentofiscal.nfe400.classes.nota.NFNotaInfoImpostoTributacaoISSQNTest#deveRetornarNuloAoPassarCodigoInvalido,
com.fincatto.documentofiscal.nfe400.classes.nota.NFPessoaAutorizadaDownloadNFeTest#naoDevePermitirCNPJComTamanhoInvalido,
com.fincatto.documentofiscal.nfe400.classes.nota.NFPessoaAutorizadaDownloadNFeTest#naoDevePermitirCNPJSetadoQuandoCPFEstaSetado,
com.fincatto.documentofiscal.nfe400.classes.nota.NFPessoaAutorizadaDownloadNFeTest#naoDevePermitirCPFSetadoQuandoCNPJEstaSetado,
com.fincatto.documentofiscal.nfe400.classes.nota.NFPessoaAutorizadaDownloadNFeTest#naoDevePermitirCPFComTamanhoInvalido,
com.fincatto.documentofiscal.nfe400.classes.nota.NFNotaInfoFaturaTest#devePermitirValorDescontoNulo,
com.fincatto.documentofiscal.nfe400.classes.nota.NFNotaInfoItemProdutoDeclaracaoImportacaoTest#naoDevePermitirCodigoExportadorComTamanhoInvalido,
com.fincatto.documentofiscal.nfe400.classes.nota.NFNotaInfoFaturaTest#devePermitirNumeroFaturaComTamanhoNulo,
com.fincatto.documentofiscal.nfe400.classes.nota.NFNotaInfoItemProdutoDeclaracaoImportacaoTest#naoDevePermitiyrCNPJComTamanhoInvalido,
com.fincatto.documentofiscal.nfe400.classes.nota.NFNotaInfoItemImpostoCOFINSOutrasOperacoesTest#devePermitirValorAliquotaNulo,
com.fincatto.documentofiscal.nfe400.classes.nota.NFNotaInfoItemProdutoDeclaracaoImportacaoTest#naoDevePermitirLocalDesembaracoComTamanhoInvalido,
com.fincatto.documentofiscal.nfe400.classes.nota.NFNotaInfoItemImpostoCOFINSOutrasOperacoesTest#devePermitirBaseCalculoNulo,
com.fincatto.documentofiscal.nfe400.classes.nota.NFNotaInfoItemImpostoCOFINSOutrasOperacoesTest#devePermitirQuantidadeVendidaNulo,
com.fincatto.documentofiscal.nfe400.classes.nota.NFNotaInfoItemImpostoCOFINSOutrasOperacoesTest#naoDevePermitirValorCOFINS,
com.fincatto.documentofiscal.nfe400.classes.nota.NFNotaInfoItemImpostoCOFINSOutrasOperacoesTest#naoDevePermitirSituacaoTributariaNulo,
com.fincatto.documentofiscal.nfe400.classes.nota.NFNotaInfoItemProdutoDeclaracaoImportacaoTest#naoDevePermitirNumeroRegistroComTamanhoInvalido,
com.fincatto.documentofiscal.nfe400.classes.nota.NFNotaInfoItemImpostoIPITributadoTest#naoDevePermitirPercentualAliquotaComTamanhoInvalido,
com.fincatto.documentofiscal.nfe400.classes.nota.NFNotaInfoItemImpostoIPINaoTributadoTest#naoDevePermitirSituacaoTributariaNulo,
com.fincatto.documentofiscal.nfe400.classes.nota.NFNotaInfoItemImpostoCOFINSOutrasOperacoesTest#deveGerarXMLDeAcordoComOPadraoEstabelecido,
com.fincatto.documentofiscal.nfe400.classes.nota.NFNotaInfoItemImpostoCOFINSOutrasOperacoesTest#devePermitirPercentualCOFINSNulo,
com.fincatto.documentofiscal.nfe400.classes.nota.NFNotaInfoItemImpostoIPITributadoTest#naoDevePermitirValorBaseCalculoComTamanhoInvalido,
com.fincatto.documentofiscal.nfe400.classes.nota.NFPessoaAutorizadaDownloadNFeTest#deveGerarXMLDeAcordoComOPadraoEstabelecido,
com.fincatto.documentofiscal.nfe400.classes.nota.NFNotaInfoItemImpostoIPINaoTributadoTest#deveGerarXMLDeAcordoComOPadraoEstabelecido,
com.fincatto.documentofiscal.nfe400.classes.nota.NFNotaInfoItemImpostoIPITributadoTest#naoDevePermitirSetarQuantidadeCasoPercentualAliquotaOuValorBaseCalculoEstejaSetado,
com.fincatto.documentofiscal.nfe400.classes.nota.NFNotaInfoItemImpostoIPITributadoTest#naoDevePermitirValorlTributoComTamanhoInvalido,
com.fincatto.documentofiscal.nfe400.classes.nota.NFNotaInfoItemProdutoCombustivelEncerranteTest#deveGerarXmlDeAcordoComPadrao,
com.fincatto.documentofiscal.nfe400.classes.nota.NFNotaInfoItemImpostoIPITributadoTest#naoDevePermitirSetarPercentualAliquotaCasoQuantidadeOuValorUnidadeTributavelEstejaSetado,
com.fincatto.documentofiscal.nfe400.classes.nota.NFNotaInfoItemImpostoIPITributadoTest#naoDevePermitirQuantidadeComTamanhoInvalido,
com.fincatto.documentofiscal.nfe400.classes.nota.NFNotaInfoItemProdutoDeclaracaoImportacaoTest#naoDevePermitirUFDesembaracoNulo,
com.fincatto.documentofiscal.nfe400.classes.nota.NFNotaInfoItemImpostoIPITributadoTest#naoDevePermitirSetarValorUnidadeTributavelCasoPercentualAliquotaOuValorBaseCalculoEstejaSetado,
com.fincatto.documentofiscal.nfe400.classes.nota.NFNotaInfoItemImpostoCOFINSAliquotaTest#naoDeveValorBaseCalculoNulo,
com.fincatto.documentofiscal.nfe400.classes.nota.NFNotaInfoItemProdutoDeclaracaoImportacaoTest#naoDevePermitirLocalDesembaracoNulo,
com.fincatto.documentofiscal.nfe400.classes.nota.NFNotaInfoItemImpostoCOFINSAliquotaTest#naoDevePermitirPercentualAliquotaTamanhoInvalido,
com.fincatto.documentofiscal.nfe400.classes.nota.NFNotaInfoItemImpostoCOFINSAliquotaTest#naoDevePermitirValorTamanhoInvalido,
com.fincatto.documentofiscal.nfe400.classes.nota.NFNotaInfoItemImpostoIPITributadoTest#naoDevePermitirSetarValorBaseCalculoCasoQuantidadeOuValorUnidadeTributavelEstejaSetado,
com.fincatto.documentofiscal.nfe400.classes.nota.NFNotaInfoItemImpostoCOFINSAliquotaTest#naoDevePermitirPercentualAliquotaNulo,
com.fincatto.documentofiscal.nfe400.classes.nota.NFNotaInfoItemProdutoDeclaracaoImportacaoTest#devePermitirUfTerceiroNulo,
com.fincatto.documentofiscal.nfe400.classes.nota.NFInfoReferenciadaTest#devePermitirSetarApenasUmModelo1Por1Referenciada,
com.fincatto.documentofiscal.nfe400.classes.nota.NFNotaInfoItemImpostoCOFINSAliquotaTest#naoDeveValorAliquotaNulo,
com.fincatto.documentofiscal.nfe400.classes.nota.NFNotaInfoItemProdutoDeclaracaoImportacaoTest#naoDevePermitirDataDesembaracoNulo,
com.fincatto.documentofiscal.nfe400.classes.nota.NFNotaInfoItemProdutoDeclaracaoImportacaoTest#naoDevePermitirNumeroRegistroNulo,
com.fincatto.documentofiscal.nfe400.classes.nota.NFNotaInfoItemProdutoDeclaracaoImportacaoTest#naoDevePermitirDataRegistroNulo,
com.fincatto.documentofiscal.nfe400.classes.nota.NFNotaInfoItemImpostoCOFINSAliquotaTest#naoDevePermitirValorBaseCaluloTamanhoInvalido,
com.fincatto.documentofiscal.nfe400.classes.nota.NFInfoReferenciadaTest#devePermitirSetarApenasUmInfoNFProdutorRuralReferenciada,
com.fincatto.documentofiscal.nfe400.classes.nota.NFInfoReferenciadaTest#devePermitirSetarApenasUmCupomFiscalReferenciadoSetado,
com.fincatto.documentofiscal.nfe400.classes.nota.NFNotaInfoItemProdutoDeclaracaoImportacaoTest#devePermitirCnpjNulo,
com.fincatto.documentofiscal.nfe400.classes.nota.NFNotaInfoItemProdutoDeclaracaoImportacaoTest#naoDevePermitirAdicoesNulo,
com.fincatto.documentofiscal.nfe400.classes.nota.NFNotaInfoItemProdutoDeclaracaoImportacaoTest#devePermitirValorAFRMMNulo,
com.fincatto.documentofiscal.nfe400.classes.nota.NFNotaInfoItemProdutoDeclaracaoImportacaoTest#naoDevePermitirFormaImportacaoNulo,
com.fincatto.documentofiscal.nfe400.classes.nota.NFOperacaoConsumidorFinalTest#deveObterTipoApartirDoSeuCodigo,
com.fincatto.documentofiscal.nfe400.classes.nota.NFInfoReferenciadaTest#naoDevePermitirChaveAcessoComTamanhoInvalido,
com.fincatto.documentofiscal.nfe400.classes.nota.NFOperacaoConsumidorFinalTest#deveRepresentarOCodigoCorretamente,
com.fincatto.documentofiscal.nfe400.classes.nota.NFNotaInfoItemProdutoDeclaracaoImportacaoTest#deveGerarXMLDeAcordoComOPadraoEstabelecido,
com.fincatto.documentofiscal.nfe400.classes.nota.NFInfoReferenciadaTest#devePermitirSetarApenasUmChaveAcesso,
com.fincatto.documentofiscal.nfe400.classes.nota.NFNotaInfoItemImpostoIPITributadoTest#deveGerarXMLDeAcordoComOPadraoEstabelecidoPercentualAliquotaBaseCalculo,
com.fincatto.documentofiscal.nfe400.classes.nota.NFNotaInfoItemProdutoDeclaracaoImportacaoTest#naoDevePermitirTransporteInternacionalNulo,
com.fincatto.documentofiscal.nfe400.classes.nota.NFOperacaoConsumidorFinalTest#deveObterStringficadoCorretamente,
com.fincatto.documentofiscal.nfe400.classes.nota.NFInfoReferenciadaTest#devePermitirSetarApenasUmChaveAcessoCTReferenciada,
com.fincatto.documentofiscal.nfe400.classes.nota.NFNotaInfoItemProdutoDeclaracaoImportacaoTest#naoDevePermitirCodigoExportadorNulo,
com.fincatto.documentofiscal.nfe400.classes.nota.NFNotaInfoSituacaoTributariaCOFINSTest#deveRetornarSituacaotributariaCOFINSAoPassarCodigoValido,
com.fincatto.documentofiscal.nfe400.classes.nota.NFNotaInfoItemImpostoIPITributadoTest#deveGerarXMLDeAcordoComOPadraoEstabelecidoQuantidadeValorUnidadeTributavel,
com.fincatto.documentofiscal.nfe400.classes.nota.NFNotaInfoItemProdutoMedicamentoTest#naoDevePermitirCodigoAnvisaComTamanhoInvalido,
com.fincatto.documentofiscal.nfe400.classes.nota.NFNotaInfoCanaFornecimentoDiarioTest#devePermitirDiaValido,
com.fincatto.documentofiscal.nfe400.classes.nota.NFNotaInfoSituacaoTributariaCOFINSTest#deveRetornarNuloCasoPasseValorInvalido,
com.fincatto.documentofiscal.nfe400.classes.nota.NFNotaInfoItemImpostoCOFINSAliquotaTest#naoDeveSituacaoTributariaAliquotaNulo,
com.fincatto.documentofiscal.nfe400.classes.nota.NFNotaInfoCanaFornecimentoDiarioTest#naoDevePermitirDiaMenor1,
com.fincatto.documentofiscal.nfe400.classes.nota.NFNotaInfoItemImpostoCOFINSAliquotaTest#deveGerarXMLDeAcordoComOPadraoEstabelecido,
com.fincatto.documentofiscal.nfe400.classes.nota.NFNotaInfoItemProdutoMedicamentoTest#naoDevePermitirPrecoMaximoConsumidorComTamanhoInvalido,
com.fincatto.documentofiscal.nfe400.classes.nota.NFNotaInfoCanaFornecimentoDiarioTest#naoDevePermitirDiaAcima31,
com.fincatto.documentofiscal.nfe400.classes.nota.NFInfoReferenciadaTest#devePermitirChaveAcessoNulo,
com.fincatto.documentofiscal.nfe400.classes.nota.NFInfoReferenciadaTest#deveGerarXMLDeAcordoComOPadraoEstabelecido,
com.fincatto.documentofiscal.nfe400.classes.nota.NFNotaInfoItemImpostoICMSSN201Test#naoDevePermitirPercentualAliquotaAplicavelCalculoCreditoSNComTamanhoInvalido,
com.fincatto.documentofiscal.nfe400.classes.nota.NFNotaInfoItemImpostoICMSSN201Test#naoDevePermitirValorZeradoParaPercentualFundoCombatePobreza,
com.fincatto.documentofiscal.nfe400.classes.nota.NFNotaInfoItemImpostoICMSSN201Test#naoDevePermitirPercentualReducaoBCICMSSTComTamanhoInvalido,
com.fincatto.documentofiscal.nfe400.classes.nota.NFNotaInfoItemImpostoICMSSN201Test#naoDevePermitirValorCreditoICMSSNComTamanhoInvalido,
com.fincatto.documentofiscal.nfe400.classes.nota.NFInfoReferenciadaTest#devePermitirModelo1por1ReferenciadaNulo,
com.fincatto.documentofiscal.nfe400.classes.nota.NFNotaInfoItemImpostoICMSSN201Test#naoDevePermitirValorCreditoICMSSNNulo,
com.fincatto.documentofiscal.nfe400.classes.nota.NFNotaInfoItemImpostoICMSSN201Test#naoDevePermitirPercentualAliquotaImpostoICMSSTComTamanhoInvalido,
com.fincatto.documentofiscal.nfe400.classes.nota.NFNotaInfoItemImpostoICMSSN201Test#naoDevePermitirValorICMSSTComTamanhoInvalido,
com.fincatto.documentofiscal.nfe400.classes.nota.NFNotaInfoItemImpostoICMSSN201Test#naoDevePermitirPercentualMargemValorAdicionadoICMSSTComTamanhoInvalido,
com.fincatto.documentofiscal.nfe400.classes.nota.NFNotaInfoItemImpostoICMSSN201Test#naoDevePermitirValorBCICMSSTComTamanhoInvalido,
com.fincatto.documentofiscal.nfe400.classes.nota.NFNotaInfoItemImpostoICMSPartilhadoTest#naoDevePermitirPercentualReducaoBCICMSSTComTamanhoInvalido,
com.fincatto.documentofiscal.nfe400.classes.nota.NFNotaInfoItemImpostoICMSPartilhadoTest#naoDevePermitirValorBCICMSComTamanhoInvalido,
com.fincatto.documentofiscal.nfe400.classes.nota.NFNotaInfoItemImpostoICMSPartilhadoTest#naoDevePermitirPercentualAliquotaImpostoICMSSTComTamanhoInvalido,
com.fincatto.documentofiscal.nfe400.classes.nota.NFNotaInfoCanaFornecimentoDiarioTest#naoDevePermitirQuantidadeNulo,
com.fincatto.documentofiscal.nfe400.classes.nota.NFNotaInfoItemProdutoMedicamentoTest#deveGerarXMLDeAcordoComOPadraoEstabelecido,
com.fincatto.documentofiscal.nfe400.classes.nota.NFNotaInfoItemImpostoICMSPartilhadoTest#naoDevePermitirValorICMSSTComTamanhoInvalido,
com.fincatto.documentofiscal.nfe400.classes.nota.NFNotaInfoItemImpostoICMSSN201Test#naoDevePermitirValorICMSSTNulo,
com.fincatto.documentofiscal.nfe400.classes.nota.NFNotaInfoItemImpostoICMSPartilhadoTest#naoDevePermitirPercentualMargemValorAdicionadoICMSSTComTamanhoInvalido,
com.fincatto.documentofiscal.nfe400.classes.nota.NFNotaInfoItemImpostoICMSPartilhadoTest#naoDevePermitirValorICMSComTamanhoInvalido,
com.fincatto.documentofiscal.nfe400.classes.nota.NFNotaInfoCanaFornecimentoDiarioTest#deveGerarXMLDeAcordoComOPadraoEstabelecido,
com.fincatto.documentofiscal.nfe400.classes.nota.NFNotaInfoItemImpostoICMSSN201Test#naoDevePermitirValorBCICMSSTNulo,
com.fincatto.documentofiscal.nfe400.classes.nota.NFNotaInfoItemImpostoICMSSN201Test#deveGerarXMLDeAcordoComOPadraoEstabelecido,
com.fincatto.documentofiscal.nfe400.classes.nota.NFNotaInfoItemImpostoICMSSN201Test#naoDevePermitirAliquotaAplicavelCalculoCreditoSNNulo,
com.fincatto.documentofiscal.nfe400.classes.nota.NFNotaInfoItemImpostoICMSSN201Test#devePermitirPercentualMargemValorAdicionadoICMSSTNulo,
com.fincatto.documentofiscal.nfe400.classes.nota.NFNotaInfoItemImpostoICMSSN201Test#naoDevePermitirPercentualAliquotaImpostoICMSSTNulo,
com.fincatto.documentofiscal.nfe400.classes.nota.NFNotaInfoItemImpostoICMSPartilhadoTest#naoDevePermitirValorBCICMSSTComTamanhoInvalido,
com.fincatto.documentofiscal.nfe400.classes.nota.NFNotaInfoItemImpostoICMSPartilhadoTest#naoDevePermitirPercentualReducaoBCComTamanhoInvalido,
com.fincatto.documentofiscal.nfe400.classes.nota.NFNotaInfoItemImpostoICMSPartilhadoTest#naoDevePermitirPercentualAliquotaImpostoComTamanhoInvalido,
com.fincatto.documentofiscal.nfe400.classes.nota.NFNotaInfoItemImpostoICMSPartilhadoTest#naoDevePermitirPercentualBCOperacaoPropriaComTamanhoInvalido,
com.fincatto.documentofiscal.nfe400.classes.nota.NFNotaInfoItemImpostoICMSSN201Test#devePermitirPercentualReducaoBCICMSSTNulo,
com.fincatto.documentofiscal.nfe400.classes.nota.NFNotaInfoItemImpostoICMSSN201Test#naoDevePermitirSituacaoOperacaoSNNulo,
com.fincatto.documentofiscal.nfe400.classes.nota.NFNotaInfoItemImpostoPISAliquotaTest#naoDevePermitrValorTributoNulo,
com.fincatto.documentofiscal.nfe400.classes.nota.NFNotaInfoItemImpostoICMSSN201Test#naoDevePermitirModalidadeDeterminacaoBCICMSSTNulo,
com.fincatto.documentofiscal.nfe400.classes.nota.NFNotaInfoItemImpostoPISAliquotaTest#naoDevePermitirValorlAliquotaComTamanhoInvalido,
com.fincatto.documentofiscal.nfe400.classes.nota.NFNotaInfoItemImpostoICMSPartilhadoTest#naoDevePermitirPercentualAliquotaImpostoNulo,
com.fincatto.documentofiscal.nfe400.classes.nota.NFNotaInfoItemImpostoICMSPartilhadoTest#naoDevePermitirUfICMSSTNulo,
com.fincatto.documentofiscal.nfe400.classes.nota.NFNotaInfoItemImpostoICMSSN201Test#naoDevePermitirOrigemNulo,
com.fincatto.documentofiscal.nfe400.classes.nota.NFNotaInfoItemImpostoPISAliquotaTest#naoDevePermitrValorBaseCalculoNulo,
com.fincatto.documentofiscal.nfe400.classes.nota.NFNotaInfoItemImpostoICMSPartilhadoTest#naoDevePermitirValorICMSSTNulo,
com.fincatto.documentofiscal.nfe400.classes.nota.NFNotaInfoItemImpostoICMSPartilhadoTest#naoDevePermitirSituacaoTributariaNulo,
com.fincatto.documentofiscal.nfe400.classes.nota.NFNotaInfoItemImpostoPISAliquotaTest#naoDevePermitrPercentualAliquotaNulo,
com.fincatto.documentofiscal.nfe400.classes.nota.NFNotaInfoItemImpostoICMSPartilhadoTest#naoDevePermitirValorBCICMSNulo,
com.fincatto.documentofiscal.nfe400.classes.nota.NFMeioPagamentoTest#deveObterTipoApartirDoSeuCodigo,
com.fincatto.documentofiscal.nfe400.classes.nota.NFNotaInfoItemImpostoPISAliquotaTest#naoDevePermitirValorlTributoComTamanhoInvalido,
com.fincatto.documentofiscal.nfe400.classes.nota.NFNotaInfoItemImpostoICMSPartilhadoTest#naoDevePermitirValorBCICMSSTNulo,
com.fincatto.documentofiscal.nfe400.classes.nota.NFNotaInfoItemImpostoICMSPartilhadoTest#devePermitirPercentualMargemValorAdicionadoICMSSTNulo,
com.fincatto.documentofiscal.nfe400.classes.nota.NFNotaInfoItemImpostoICMSPartilhadoTest#naoDevePermitirValorICMSNulo,
com.fincatto.documentofiscal.nfe400.classes.nota.NFNotaInfoItemImpostoPISAliquotaTest#naoDevePermitirQuantidadeVendidaComTamanhoInvalido,
com.fincatto.documentofiscal.nfe400.classes.nota.NFNotaInfoItemImpostoICMSPartilhadoTest#devePermitirPercentualReducaoBCNulo,
com.fincatto.documentofiscal.nfe400.classes.nota.NFMeioPagamentoTest#deveRepresentarOCodigoCorretamente,
com.fincatto.documentofiscal.nfe400.classes.nota.NFNotaInfoItemImpostoICMSPartilhadoTest#devePermitirPercentualReducaoBCICMSSTNulo,
com.fincatto.documentofiscal.nfe400.classes.nota.NFNotaInfoItemImpostoICMSPartilhadoTest#naoDevePermitirModalidadeDeterminacaoBCICMSNulo,
com.fincatto.documentofiscal.nfe400.classes.nota.NFNotaInfoItemImpostoICMSPartilhadoTest#naoDevePermitirPercentualAliquotaImpostoICMSSTNulo,
com.fincatto.documentofiscal.nfe400.classes.nota.NFNotaInfoItemImpostoICMSPartilhadoTest#deveGerarXMLDeAcordoComOPadraoEstabelecido,
com.fincatto.documentofiscal.nfe400.classes.nota.NFNotaInfoItemProdutoArmamentoTest#naoDevePermitirDescricaoComTamanhoInvalido,
com.fincatto.documentofiscal.nfe400.classes.nota.NFNotaInfoItemProdutoArmamentoTest#naoDevePermitirNumeroSerieArmaComTamanhoInvalido,
com.fincatto.documentofiscal.nfe400.classes.nota.NFNotaInfoItemImpostoICMSPartilhadoTest#naoDevePermitirPercentualBCOperacaoPropriaNulo,
com.fincatto.documentofiscal.nfe400.classes.nota.NFNotaInfoItemProdutoArmamentoTest#naoDevePermitirNumeroSerieCanoComTamanhoInvalido,
com.fincatto.documentofiscal.nfe400.classes.nota.NFNotaInfoItemImpostoICMSPartilhadoTest#naoDevePermitirOrigemNulo,
com.fincatto.documentofiscal.nfe400.classes.nota.NFNotaInfoItemImpostoICMSPartilhadoTest#naoDevePermitirModalidadeBCICMSSTNulo,
com.fincatto.documentofiscal.nfe400.classes.nota.NFNotaInfoItemImpostoICMS10Test#naoDevePermitirPercentualAliquotaComTamanhoInvalido,
com.fincatto.documentofiscal.nfe400.classes.nota.NFNotaInfoItemImpostoICMS10Test#naoDevePermitirValorZeradoParaPercentualFundoCombatePobreza,
com.fincatto.documentofiscal.nfe400.classes.nota.NFNotaInfoItemImpostoICMS10Test#naoDevePermitirBCICMSSTTributoComTamanhoInvalido,
com.fincatto.documentofiscal.nfe400.classes.nota.NFNotaInfoItemImpostoICMS10Test#naoDevePermitirValorBaseCalculoComTamanhoInvalido,
com.fincatto.documentofiscal.nfe400.classes.nota.NFNotaInfoItemImpostoICMS10Test#naoDevePermitirValorTributoComTamanhoInvalido,
com.fincatto.documentofiscal.nfe400.classes.nota.NFNotaInfoItemImpostoICMS10Test#naoDevePermitirValorICMSSTComTamanhoInvalido,
com.fincatto.documentofiscal.nfe400.classes.nota.NFNotaInfoItemImpostoICMS10Test#naoDevePermitirPercentualReducaoBCICMSSTComTamanhoInvalido,
com.fincatto.documentofiscal.nfe400.classes.nota.NFNotaInfoItemImpostoPISAliquotaTest#naoDevePermitrSituacaoTributariaNulo,
com.fincatto.documentofiscal.nfe400.classes.nota.NFNotaInfoItemImpostoICMS10Test#naoDevePermitirPercentualAliquotaImpostoICMSSTComTamanhoInvalido,
com.fincatto.documentofiscal.nfe400.classes.nota.NFNotaInfoItemImpostoPISAliquotaTest#deveGerarXMLDeAcordoComOPadraoEstabelecido,
com.fincatto.documentofiscal.nfe400.classes.nota.NFNotaInfoItemProdutoArmamentoTest#naoDevePermitirNumeroSerieCanoNulo,
com.fincatto.documentofiscal.nfe400.classes.nota.NFNotaInfoItemImpostoICMS10Test#naoDevePermitirPercentualMargemValorICMSSTComTamanhoInvalido,
com.fincatto.documentofiscal.nfe400.classes.nota.NFInfoSolicNFFTest#naoDevePermitirValorComTamanhoInvalido,
com.fincatto.documentofiscal.nfe400.classes.nota.NFInfoProdutorRuralReferenciadaTest#naoDevePermitirCNPJSetadoQuandoCPFEstaSetado,
com.fincatto.documentofiscal.nfe400.classes.nota.NFNotaInfoItemProdutoArmamentoTest#naoDevePermitirDescricaoNulo,
com.fincatto.documentofiscal.nfe400.classes.nota.NFInfoProdutorRuralReferenciadaTest#naoDevePermitirCNPJComTamanhoInvalido,
com.fincatto.documentofiscal.nfe400.classes.nota.NFNotaInfoItemProdutoArmamentoTest#naoDevePermitirTipoNulo,
com.fincatto.documentofiscal.nfe400.classes.nota.NFNotaInfoItemProdutoArmamentoTest#naoDevePermitirNumeroSerieArmaNulo,
com.fincatto.documentofiscal.nfe400.classes.nota.NFInfoProdutorRuralReferenciadaTest#naoDevePermitirCPFComTamanhoInvalido,
com.fincatto.documentofiscal.nfe400.classes.nota.NFInfoProdutorRuralReferenciadaTest#naoDevePermitirSerieDocumentoFiscalComTamanhoInvalido,
com.fincatto.documentofiscal.nfe400.classes.nota.NFNotaInfoItemImpostoICMS10Test#naoDevePermitirValorICMSSTNulo,
com.fincatto.documentofiscal.nfe400.classes.nota.NFNotaInfoItemProdutoArmamentoTest#deveGerarXMLDeAcordoComOPadraoEstabelecido,
com.fincatto.documentofiscal.nfe400.classes.nota.NFInfoProdutorRuralReferenciadaTest#naoDevePermitirModeloDocumentoFiscalComTamanhoInvalido,
com.fincatto.documentofiscal.nfe400.classes.nota.NFInfoProdutorRuralReferenciadaTest#naoDevePermitirCPFSetadoQuandoCNPJEstaSetado,
com.fincatto.documentofiscal.nfe400.classes.nota.NFTipoIntegracaoPagamentoTest#deveObterTipoApartirDoSeuCodigo,
com.fincatto.documentofiscal.nfe400.classes.nota.NFTipoIntegracaoPagamentoTest#deveObterStringficadoCorretamente,
com.fincatto.documentofiscal.nfe400.classes.nota.NFTipoIntegracaoPagamentoTest#deveRepresentarOCodigoCorretamente,
com.fincatto.documentofiscal.nfe400.classes.nota.NFInfoProdutorRuralReferenciadaTest#naoDevePermitirNumeroDocumentoFiscalComTamanhoInvalido,
com.fincatto.documentofiscal.nfe400.classes.nota.NFNotaInfoRetencaoICMSTransporteTest#devePermitirCFOPValorValido,
com.fincatto.documentofiscal.nfe400.classes.nota.NFNotaInfoItemImpostoICMS10Test#deveGerarXMLDeAcordoComOPadraoEstabelecido,
com.fincatto.documentofiscal.nfe400.classes.nota.NFNotaInfoItemImpostoICMS10Test#naoDevePermitirValorBCICMSSTNulo,
com.fincatto.documentofiscal.nfe400.classes.nota.NFNotaInfoRetencaoICMSTransporteTest#naoDevePermitirBCRetencaoICMSTamanhoInvalido,
com.fincatto.documentofiscal.nfe400.classes.nota.NFNotaInfoItemImpostoICMS10Test#naoDevePermitirPercentualAliquotaImpostoICMSSTNulo,
com.fincatto.documentofiscal.nfe400.classes.nota.NFNotaInfoItemImpostoICMS10Test#devePermitirPercentualReducaoBCICMSSTNulo,
com.fincatto.documentofiscal.nfe400.classes.nota.NFNotaInfoItemImpostoICMS10Test#naoDevePermitirModalidadeBaseCalculoNulo,
com.fincatto.documentofiscal.nfe400.classes.nota.NFNotaInfoItemImpostoICMS10Test#naoDevePermitirSituacaoTributariaNulo,
com.fincatto.documentofiscal.nfe400.classes.nota.NFNotaInfoItemImpostoICMS10Test#naoDevePermitirValorTributoNulo,
com.fincatto.documentofiscal.nfe400.classes.nota.NFNotaInfoItemImpostoICMS10Test#naoDevePermitirPercentualAliquotaNulo,
com.fincatto.documentofiscal.nfe400.classes.nota.NFNotaInfoItemImpostoICMS10Test#naoDevePermitirValorBaseCalculoNulo,
com.fincatto.documentofiscal.nfe400.classes.nota.NFNotaInfoItemImpostoICMS10Test#naoDevePermitirOrigemNulo,
com.fincatto.documentofiscal.nfe400.classes.nota.NFInfoSolicNFFTest#deveGerarXMLDeAcordoComOPadraoEstabelecido,
com.fincatto.documentofiscal.nfe400.classes.nota.NFNotaInfoItemImpostoICMS10Test#devePermitirPercentualMargemValorICMSSTNulo,
com.fincatto.documentofiscal.nfe400.classes.nota.NFNotaInfoRetencaoICMSTransporteTest#naoDevePermitirCodigoMunicipioOcorrenciaFatoGeradorICMSTransporteInvalido,
com.fincatto.documentofiscal.nfe400.classes.nota.NFInfoProdutorRuralReferenciadaTest#naoDevePermitirIeEmitenteNulo,
com.fincatto.documentofiscal.nfe400.classes.nota.NFInfoProdutorRuralReferenciadaTest#naoDevePermitirSerieDocumentoFiscalNulo,
com.fincatto.documentofiscal.nfe400.classes.nota.NFInfoProdutorRuralReferenciadaTest#naoDevePermitirNumeroDocumentoFiscalNulo,
com.fincatto.documentofiscal.nfe400.classes.nota.NFInfoProdutorRuralReferenciadaTest#devePermitirCpfEmitenteNulo,
com.fincatto.documentofiscal.nfe400.classes.nota.NFNotaInfoRetencaoICMSTransporteTest#devePermitirAliquotaRetencaoTamanhoValido,
com.fincatto.documentofiscal.nfe400.classes.nota.NFNotaInfoRetencaoICMSTransporteTest#devePermitirValorICMSRetidoValorServicoTamanhoValido,
com.fincatto.documentofiscal.nfe400.classes.nota.NFInfoProdutorRuralReferenciadaTest#naoDevePermitirModeloDocumentoFiscalNulo,
com.fincatto.documentofiscal.nfe400.classes.nota.NFNotaInfoRetencaoICMSTransporteTest#devePermitirCodigoMunicipioOcorrenciaFatoGeradorICMSTransporteValido,
com.fincatto.documentofiscal.nfe400.classes.nota.NFInfoProdutorRuralReferenciadaTest#deveGerarXMLDeAcordoComOPadraoEstabelecido,
com.fincatto.documentofiscal.nfe400.classes.nota.NFNotaInfoRetencaoICMSTransporteTest#deveObterValorICMSRetidoComoFoiSetado,
com.fincatto.documentofiscal.nfe400.classes.nota.NFInfoProdutorRuralReferenciadaTest#naoDevePermitirUfEmitenteNulo,
com.fincatto.documentofiscal.nfe400.classes.nota.NFNotaInfoRetencaoICMSTransporteTest#devePermitirValorICMSRetidoTamanhoValido,
com.fincatto.documentofiscal.nfe400.classes.nota.NFNotaInfoRetencaoICMSTransporteTest#naoDevePermitirValorServicoTamanhoInvalido,
com.fincatto.documentofiscal.nfe400.classes.nota.NFNotaInfoRetencaoICMSTransporteTest#naoDevePermitirCFOPValorInvalido,
com.fincatto.documentofiscal.nfe400.classes.nota.NFNotaInfoRetencaoICMSTransporteTest#deveObterAliquotaRetencaoComoFoiSetado,
com.fincatto.documentofiscal.nfe400.classes.nota.NFNotaInfoRetencaoICMSTransporteTest#deveObterCfopComoFoiSetado,
com.fincatto.documentofiscal.nfe400.classes.nota.NFNotaInfoRetencaoICMSTransporteTest#naoDevePermitirAliquotaRetencaoTamanhoValido,
com.fincatto.documentofiscal.nfe400.classes.nota.NFNotaInfoRetencaoICMSTransporteTest#deveObterCodigoMunicioOcorrenciaFatoGeradorICMSTransporteComoFoiSetado,
com.fincatto.documentofiscal.nfe400.classes.nota.NFInfoProdutorRuralReferenciadaTest#devePermitirCnpjEmitenteNulo,
com.fincatto.documentofiscal.nfe400.classes.nota.NFInfoProdutorRuralReferenciadaTest#naoDevePermitirAnoMesEmissaoReferenciadaNulo,
com.fincatto.documentofiscal.nfe400.classes.nota.NFNotaInfoRetencaoICMSTransporteTest#deveObterBcRetencaoICMSComoFoiSetado,
com.fincatto.documentofiscal.nfe400.classes.nota.NFNotaInfoRetencaoICMSTransporteTest#naoDevePermitirValorICMSRetidoTamanhoInvalido,
com.fincatto.documentofiscal.nfe400.classes.nota.NFNotaInfoRetencaoICMSTransporteTest#devePermitirValorBXRetencaoICMSTamanhoValido,
com.fincatto.documentofiscal.nfe400.classes.nota.NFNotaInfoRetencaoICMSTransporteTest#deveObterValorServicoComoFoiSetado,
com.fincatto.documentofiscal.nfe400.classes.nota.NFNotaInfoItemImpostoICMS51Test#naoDevePermitirValorBCICMSComTamanhoDiferente,
com.fincatto.documentofiscal.nfe400.classes.nota.NFNotaInfoItemImpostoICMS51Test#naoDevePermitirPercentualReducaoBCComTamanhoDiferente,
com.fincatto.documentofiscal.nfe400.classes.nota.NFNotaInfoRetencaoICMSTransporteTest#naoDevePermitirValorServicoNulo,
com.fincatto.documentofiscal.nfe400.classes.nota.NFNotaInfoItemImpostoICMS51Test#naoDevePermitirValorICMSComTamanhoDiferente,
com.fincatto.documentofiscal.nfe400.classes.nota.NFNotaInfoItemImpostoICMS51Test#naoDevePermitirPercentualICMSComTamanhoDiferente,
com.fincatto.documentofiscal.nfe400.classes.nota.NFNotaInfoTest#deveObterCompraComoFoiSetado,
com.fincatto.documentofiscal.nfe400.classes.nota.NFNotaInfoRetencaoICMSTransporteTest#naoDevePermitirCodigoMunicipioOcorrenciaFatoGeradorICMSTransporteNulo,
com.fincatto.documentofiscal.nfe400.classes.nota.NFNotaInfoRetencaoICMSTransporteTest#naoDevePermitirBcRetencaOICMSNulo,
com.fincatto.documentofiscal.nfe400.classes.nota.NFNotaInfoTest#deveObterEmitenteComoFoiSetado,
com.fincatto.documentofiscal.nfe400.classes.nota.NFNotaInfoTest#deveObterTransporteComoFoiSetado,
com.fincatto.documentofiscal.nfe400.classes.nota.NFNotaInfoTest#deveObterInformacoesAdicionaisComoFoiSetado,
com.fincatto.documentofiscal.nfe400.classes.nota.NFNotaInfoTest#deveObterExportacaoComoFoiSetado,
com.fincatto.documentofiscal.nfe400.classes.nota.NFNotaInfoTest#deveObterVersaoComoFoiSetado,
com.fincatto.documentofiscal.nfe400.classes.nota.NFNotaInfoTest#deveObterAvulsaComoFoiSetado,
com.fincatto.documentofiscal.nfe400.classes.nota.NFNotaInfoRetencaoICMSTransporteTest#naoDevePermitirValorICMSRetidoNulo,
com.fincatto.documentofiscal.nfe400.classes.nota.NFNotaInfoRetencaoICMSTransporteTest#naoDevePermitirCfopNulo,
com.fincatto.documentofiscal.nfe400.classes.nota.NFNotaInfoTest#deveObterPagamentosComoFoiSetado,
com.fincatto.documentofiscal.nfe400.classes.nota.NFNotaInfoRetencaoICMSTransporteTest#naoDevePermitirAliquotaRetencaoNulo,
com.fincatto.documentofiscal.nfe400.classes.nota.NFNotaInfoTest#deveObterRetiradaComoFoiSetado,
com.fincatto.documentofiscal.nfe400.classes.nota.NFNotaInfoTest#deveObterCanaComoFoiSetado,
com.fincatto.documentofiscal.nfe400.classes.nota.NFNotaInfoTest#deveObterIdentificacaoComoFoiSetado,
com.fincatto.documentofiscal.nfe400.classes.nota.NFNotaInfoRetencaoICMSTransporteTest#deveGerarXMLDeAcordoComOPadraoEstabelecido,
com.fincatto.documentofiscal.nfe400.classes.nota.NFNotaInfoTest#deveObterPessoasAutorizadasDownloadNFeComoFoiSetado,
com.fincatto.documentofiscal.nfe400.classes.nota.NFNotaInfoItemImpostoICMS51Test#naoDevePermitirModalidadeBCNulo,
com.fincatto.documentofiscal.nfe400.classes.nota.NFNotaInfoItemImpostoICMS51Test#devePermitirValorBCICMSNulo,
com.fincatto.documentofiscal.nfe400.classes.nota.NFNotaInfoTest#deveObterIdentificadorComPrefixo,
com.fincatto.documentofiscal.nfe400.classes.nota.NFNotaInfoItemImpostoICMS51Test#devePermitirPercentualReducaoBCNulo,
com.fincatto.documentofiscal.nfe400.classes.nota.NFNotaInfoItemImpostoICMS51Test#naoDevePermitirSituacaoTributariaNulo,
com.fincatto.documentofiscal.nfe400.classes.nota.NFNotaInfoItemImpostoICMS51Test#naoDevePermitirOrigemNulo,
com.fincatto.documentofiscal.nfe400.classes.nota.NFNotaInfoItemImpostoICMS51Test#naoDevePermitirValorICMSOperacaoNulo,
com.fincatto.documentofiscal.nfe400.classes.nota.NFNotaInfoItemImpostoICMS51Test#deveGerarXMLDeAcordoComOPadraoEstabelecido,
com.fincatto.documentofiscal.nfe400.classes.nota.NFNotaInfoItemImpostoICMS51Test#naoDevePermitirPercentualDiferimentoNulo,
com.fincatto.documentofiscal.nfe400.classes.nota.NFNotaInfoItemImpostoICMS51Test#devePermitirPercentualICMSBCNulo,
com.fincatto.documentofiscal.nfe400.classes.nota.NFNotaInfoItemImpostoICMS51Test#naoDevePermitirValorICMSDiferimentoNulo,
com.fincatto.documentofiscal.nfe400.classes.nota.NFNotaInfoTest#deveObterItensComoFoiSetado,
com.fincatto.documentofiscal.nfe400.classes.nota.NFNotaInfoTest#naoDevePermitirVersaoComTamanhoInvalido,
com.fincatto.documentofiscal.nfe400.classes.nota.NFNotaInfoTest#devePermitirAvulsaNulo,
com.fincatto.documentofiscal.nfe400.classes.nota.NFNotaInfoItemImpostoICMS51Test#devePermitirValorICMSNulo,
com.fincatto.documentofiscal.nfe400.classes.nota.NFNotaInfoTest#deveObterEntregaComoFoiSetado,
com.fincatto.documentofiscal.nfe400.classes.nota.NFNotaInfoTest#naoDevePermitirTransporteNulo,
com.fincatto.documentofiscal.nfe400.classes.nota.NFNotaInfoTest#naoDevePermitirEmitenteNulo,
com.fincatto.documentofiscal.nfe400.classes.nota.NFNotaInfoTest#naoDevePermitirNaoContribuinteENaoConsumidorFinal,
com.fincatto.documentofiscal.nfe400.classes.nota.NFNotaInfoTest#naoDevePermitirPagamentosNulo,
com.fincatto.documentofiscal.nfe400.classes.nota.NFNotaInfoTest#devePermitirInformacoesAdicionaisNulo,
com.fincatto.documentofiscal.nfe400.classes.nota.NFNotaInfoTest#devePermitirRetiradaNulo,
com.fincatto.documentofiscal.nfe400.classes.nota.NFNotaInfoTest#devePermitirEntregaNulo,
com.fincatto.documentofiscal.nfe400.classes.nota.NFNotaInfoTest#devePermitirExportacaoNulo,
com.fincatto.documentofiscal.nfe400.classes.nota.NFNotaInfoTest#naoDevePermitirTotalNulo,
com.fincatto.documentofiscal.nfe400.classes.nota.NFNotaInfoTest#devePermitirCompraNulo,
com.fincatto.documentofiscal.nfe400.classes.nota.NFNotaInfoTest#deveObterDestinatarioComoFoiSetado,
com.fincatto.documentofiscal.nfe400.classes.nota.NFNotaInfoTest#devePermitirCanaNulo,
com.fincatto.documentofiscal.nfe400.classes.nota.NFNotaInfoTest#naoDevePermitirIdentificadorComTamanhoInvalido,
com.fincatto.documentofiscal.nfe400.classes.nota.NFNotaInfoTest#devePermitirCobrancaNulo,
com.fincatto.documentofiscal.nfe400.classes.nota.NFNotaInfoItemImpostoIPITest#naoDevePermitirCodigoEnquadramentoTamanhoInvalido,
com.fincatto.documentofiscal.nfe400.classes.nota.NFNotaInfoTest#naoDevePermitirIdentificacaoNulo,
com.fincatto.documentofiscal.nfe400.classes.nota.NFNotaInfoItemImpostoIPITest#naoDevePermitirQuantidadeSeloTamanhoInvalido,
com.fincatto.documentofiscal.nfe400.classes.nota.NFNotaInfoTest#deveGerarXMLDeAcordoComOPadraoEstabelecido,
com.fincatto.documentofiscal.nfe400.classes.nota.NFNotaInfoTest#deveObterCobrancaComoFoiSetado,
com.fincatto.documentofiscal.nfe400.classes.nota.NFNotaInfoTest#deveObterTotalComoFoiSetado,
com.fincatto.documentofiscal.nfe400.classes.nota.NFNotaInfoItemImpostoIPITest#naoDevePermitirSetarTributadoCasoNaoTributadoEstejaSetado,
com.fincatto.documentofiscal.nfe400.classes.nota.NFNotaInfoItemImpostoIPITest#naoDevePermitirCodigoSeloTamanhoInvalido,
com.fincatto.documentofiscal.nfe400.classes.nota.NFNotaInfoTest#devePermitirDestinatarioNulo,
com.fincatto.documentofiscal.nfe400.classes.nota.NFNotaInfoRetencoesTributosTest#naoDevePermitirValorRetencaoPrevidenciaSocialInvalidosMonetarios,
com.fincatto.documentofiscal.nfe400.classes.nota.NFNotaInfoItemImpostoIPITest#naoDevePermitirSetarNaoTributadoCasoTributadoEstejaSetado,
com.fincatto.documentofiscal.nfe400.classes.nota.NFNotaInfoItemImpostoIPITest#naoDevePermitirCodigoEnquadramentoNulo,
com.fincatto.documentofiscal.nfe400.classes.nota.NFNotaInfoRetencoesTributosTest#naoDevePermitirValorRetidoCSLLInvalidosMonetarios,
com.fincatto.documentofiscal.nfe400.classes.nota.NFNotaInfoRetencoesTributosTest#naoDevePermitirValorRetidoIRRFInvalidosMonetarios,
com.fincatto.documentofiscal.nfe400.classes.nota.NFNotaInfoRetencoesTributosTest#naoDevePermitirValorRetidoCOFINSInvalidosMonetarios,
com.fincatto.documentofiscal.nfe400.classes.nota.NFNotaInfoTest#naoDevePermitirItensNulo,
com.fincatto.documentofiscal.nfe400.classes.nota.NFNotaInfoTest#devePermitirPessoasAutorizadasDownloadNFeNulo,
com.fincatto.documentofiscal.nfe400.classes.nota.NFNotaInfoRetencoesTributosTest#naoDevePermitirCalculoRetencaoPrevidenciaSocialInvalidosMonetarios,
com.fincatto.documentofiscal.nfe400.classes.nota.NFNotaInfoRetencoesTributosTest#devePermitirValoresValidosMonetarios,
com.fincatto.documentofiscal.nfe400.classes.nota.NFNotaInfoRetencoesTributosTest#naoDevePermitirValorRetidoPISInvalidosMonetarios,
com.fincatto.documentofiscal.nfe400.classes.nota.NFNotaInfoTest#naoDevePermitirIdentificadorNulo,
com.fincatto.documentofiscal.nfe400.classes.nota.NFNotaInfoItemImpostoICMS00Test#naoDevePermitirValorZeradoParaPercentualFundoCombatePobreza,
com.fincatto.documentofiscal.nfe400.classes.nota.NFNotaInfoItemImpostoIPITest#devePermitirCnojProdutorNulo,
com.fincatto.documentofiscal.nfe400.classes.nota.NFNotaInfoRetencoesTributosTest#naoDevePermitirCalculoIRRFInvalidosMonetarios,
com.fincatto.documentofiscal.nfe400.classes.nota.NFNotaInfoItemImpostoIPITest#devePermitirClasseEnquadramentoNulo,
com.fincatto.documentofiscal.nfe400.classes.nota.NFNotaInfoItemImpostoICMS00Test#naoDevePermitirPercentualAliquotaComTamanhoInvalido,
com.fincatto.documentofiscal.nfe400.classes.nota.NFNotaInfoItemImpostoIPITest#devePermitirTributadoNulo,
com.fincatto.documentofiscal.nfe400.classes.nota.NFNotaInfoItemImpostoICMS00Test#naoDevePermitirValorTributoComTamanhoInvalido,
com.fincatto.documentofiscal.nfe400.classes.nota.NFNotaInfoItemImpostoICMS00Test#naoDevePermitirValorBaseCalculoComTamanhoInvalido,
com.fincatto.documentofiscal.nfe400.classes.nota.NFNotaInfoTest#naoDevePermitirVersaoNulo,
com.fincatto.documentofiscal.nfe400.classes.nota.NFNotaInfoItemImpostoICMS00Test#naoDevePermitirValorBaseCalculoNulo,
com.fincatto.documentofiscal.nfe400.classes.nota.NFNotaInfoItemImpostoIPITest#devePermitirCodigoSeloNulo,
com.fincatto.documentofiscal.nfe400.classes.nota.NFNotaInfoRetencoesTributosTest#devePermitirValorRetidoPISNulo,
com.fincatto.documentofiscal.nfe400.classes.nota.NFNotaInfoItemDetalheExportacaoTest#naoDevePermitirNumeroAtoConcessorioDrawbackComTamanhoInvalido,
com.fincatto.documentofiscal.nfe400.classes.nota.NFNotaInfoItemImpostoICMS00Test#naoDevePermitirModalidadeBaseCalculoNulo,
com.fincatto.documentofiscal.nfe400.classes.nota.NFNotaInfoItemImpostoICMS00Test#naoDevePermitirValorTributoNulo,
com.fincatto.documentofiscal.nfe400.classes.nota.NFNotaInfoItemImpostoICMS00Test#naoDevePermitirOrigemNulo,
com.fincatto.documentofiscal.nfe400.classes.nota.NFNotaInfoRetencoesTributosTest#devePermitirValorRetidoCOFINSNulo,
com.fincatto.documentofiscal.nfe400.classes.nota.NFNotaInfoItemImpostoIPITest#devePermitirQuantidadeSeloNulo,
com.fincatto.documentofiscal.nfe400.classes.nota.NFNotaInfoItemDetalheExportacaoTest#deveObterNumeroAtoConcessorioDrawbackComoFoiSetado,
com.fincatto.documentofiscal.nfe400.classes.nota.NFNotaInfoItemImpostoICMS00Test#naoDevePermitirPercentualAliquotaNulo,
com.fincatto.documentofiscal.nfe400.classes.nota.NFNotaInfoRetencoesTributosTest#devePermitirBaseCalculoIRRFNulo,
com.fincatto.documentofiscal.nfe400.classes.nota.NFNotaInfoItemImpostoIPITest#deveGerarXMLDeAcordoComOPadraoEstabelecido,
com.fincatto.documentofiscal.nfe400.classes.nota.NFNotaInfoRetencoesTributosTest#deveGerarXMLDeAcordoComOPadraoEstabelecidoComVagao,
com.fincatto.documentofiscal.nfe400.classes.nota.NFNotaInfoItemImpostoIPITest#devePermitirNaoTributadoNulo,
com.fincatto.documentofiscal.nfe400.classes.nota.NFNotaInfoLocalTest#naoDevePermitirLogradouroComTamanhoInvalido,
com.fincatto.documentofiscal.nfe400.classes.nota.NFNotaInfoRetencoesTributosTest#devePermitirValorRetidoIRRFNulo,
com.fincatto.documentofiscal.nfe400.classes.nota.NFNotaInfoRetencoesTributosTest#devePermitirValorRetidoCSLLNulo,
com.fincatto.documentofiscal.nfe400.classes.nota.NFNotaInfoLocalTest#naoDevePermitirCodigoMunicipioComTamanhoInvalido,
com.fincatto.documentofiscal.nfe400.classes.nota.NFNotaInfoItemDetalheExportacaoTest#deveObterExportacaoIndiretaComoFoiSetado,
com.fincatto.documentofiscal.nfe400.classes.nota.NFNotaInfoLocalTest#naoDevePermitirCNPJSetadoQuandoCPFEstaSetado,
com.fincatto.documentofiscal.nfe400.classes.nota.NFNotaInfoRetencoesTributosTest#devePermitirValorRetencaoPrevidenciaSocialNulo,
com.fincatto.documentofiscal.nfe400.classes.nota.NFNotaInfoLocalTest#naoDevePermitirCNPJComTamanhoInvalido,
com.fincatto.documentofiscal.nfe400.classes.nota.NFNotaInfoItemImpostoICMS00Test#naoDevePermitirSituacaoTributariaCalculoNulo,
com.fincatto.documentofiscal.nfe400.classes.nota.NFNotaInfoLocalTest#naoDevePermitirCPFComTamanhoInvalido,
com.fincatto.documentofiscal.nfe400.classes.nota.NFNotaInfoLocalTest#naoDevePermitirNumeroComTamanhoInvalido,
com.fincatto.documentofiscal.nfe400.classes.nota.NFNotaInfoItemImpostoICMS00Test#deveGerarXMLDeAcordoComOPadraoEstabelecido,
com.fincatto.documentofiscal.nfe400.classes.nota.NFNotaInfoLocalTest#naoDevePermitirComplementoComTamanhoInvalido,
com.fincatto.documentofiscal.nfe400.classes.nota.NFNotaInfoLocalTest#naoDevePermitirNomeMunicipioComTamanhoInvalido,
com.fincatto.documentofiscal.nfe400.classes.nota.NFNotaInfoItemDetalheExportacaoTest#devePermitirNumeroAtoConcessorioDrawbackNulo,
com.fincatto.documentofiscal.nfe400.classes.nota.NFNotaInfoItemImpostoICMS20Test#naoDevePermitirValorZeradoParaPercentualFundoCombatePobreza,
com.fincatto.documentofiscal.nfe400.classes.nota.NFImpostoDevolvidoTest#naoDevePermitirValorIPIDevolvidoNula,
com.fincatto.documentofiscal.nfe400.classes.nota.NFNotaInfoLocalTest#naoDevePermitirCPFSetadoQuandoCNPJEstaSetado,
com.fincatto.documentofiscal.nfe400.classes.nota.NFImpostoDevolvidoTest#naoDevePermitirImportacaoPIPDevolvidaNula,
com.fincatto.documentofiscal.nfe400.classes.nota.NFNotaInfoItemDetalheExportacaoTest#devePermitirExportacaoIndiretaNulo,
com.fincatto.documentofiscal.nfe400.classes.nota.NFNotaInfoItemImpostoICMS20Test#naoDevePermitirPercentualAliquotaComTamanhoInvalido,
com.fincatto.documentofiscal.nfe400.classes.nota.NFImpostoDevolvidoTest#naoDevePermitirPercentualDevolucaoNula,
com.fincatto.documentofiscal.nfe400.classes.nota.NFNotaInfoItemImpostoICMS20Test#naoDevePermitirValorBCICMSComTamanhoInvalido,
com.fincatto.documentofiscal.nfe400.classes.nota.NFNotaInfoItemImpostoICMS20Test#naoDevePermitirValorTributoComTamanhoInvalido,
com.fincatto.documentofiscal.nfe400.classes.nota.NFNotaInfoItemDetalheExportacaoTest#deveGerarXMLDeAcordoComOPadraoEstabelecido,
com.fincatto.documentofiscal.nfe400.classes.nota.NFImpostoDevolvidoTest#deveGerarXMLDeAcordoComOPadraoEstabelecido,
com.fincatto.documentofiscal.nfe400.classes.nota.NFNotaInfoIdentificacaoTest#naoDevePermitirCodigoRandomicoComTamanhoInvalido,
com.fincatto.documentofiscal.nfe400.classes.nota.NFNotaInfoItemImpostoICMS20Test#naoDevePermitirPercentualReducaoBCComTamanhoInvalido,
com.fincatto.documentofiscal.nfe400.classes.nota.NFNotaInfoIdentificacaoTest#naoDevePermitirNaturezaOperacaoComTamanhoInvalido,
com.fincatto.documentofiscal.nfe400.classes.nota.NFNotaInfoLocalTest#naoDevePermitirLogradouroNulo,
com.fincatto.documentofiscal.nfe400.classes.nota.NFNotaInfoIdentificacaoTest#naoDevePermitirJustificativaEntradaContingenciaComTamanhoInvalido,
com.fincatto.documentofiscal.nfe400.classes.nota.NFNotaInfoLocalTest#naoDevePermitirNomeMunicipioNulo,
com.fincatto.documentofiscal.nfe400.classes.nota.NFNotaInfoLocalTest#naoDevePermitirCodigoMunicipioNulo,
com.fincatto.documentofiscal.nfe400.classes.nota.NFNotaInfoIdentificacaoTest#naoDevePermitirCodigoMunicipioComTamanhoInvalido,
com.fincatto.documentofiscal.nfe400.classes.nota.NFNotaInfoIdentificacaoTest#naoDevePermitirCodigoRandomicoENumeroNotaIguais,
com.fincatto.documentofiscal.nfe400.classes.nota.NFNotaInfoLocalTest#deveGerarXMLDeAcordoComOPadraoEstabelecido,
com.fincatto.documentofiscal.nfe400.classes.nota.NFNotaInfoIdentificacaoTest#naoDevePermitirCodigoRandomicoComValorInvalido,
com.fincatto.documentofiscal.nfe400.classes.nota.NFNotaInfoLocalTest#devePermitirComplementoNulo,
com.fincatto.documentofiscal.nfe400.classes.nota.NFNotaInfoLocalTest#naoDevePermitirBairroNulo,
com.fincatto.documentofiscal.nfe400.classes.nota.NFNotaInfoIdentificacaoTest#devePermitirCodigoRandomicoENumeroNotaDiferentes,
com.fincatto.documentofiscal.nfe400.classes.nota.NFNotaInfoLocalTest#naoDevePermitirNumeroNulo,
com.fincatto.documentofiscal.nfe400.classes.nota.NFNotaInfoLocalTest#naoDevePermitirUFNulo,
com.fincatto.documentofiscal.nfe400.classes.nota.NFNotaInfoItemImpostoICMS20Test#naoDevePermitirValorTributoNulo,
com.fincatto.documentofiscal.nfe400.classes.nota.NFNotaInfoItemImpostoICMS20Test#naoDevePermitirPercentualReducaoBCNulo,
com.fincatto.documentofiscal.nfe400.classes.nota.NFNotaInfoItemImpostoICMS20Test#devePermitirValorICMSDesoneracaoNulo,
com.fincatto.documentofiscal.nfe400.classes.nota.NFNotaInfoItemImpostoICMS20Test#naoDevePermitirSituacaoTributariaNulo,
com.fincatto.documentofiscal.nfe400.classes.nota.NFNotaInfoItemImpostoICMS20Test#naoDevePermitirModalidadeBaseCalculoNulo,
com.fincatto.documentofiscal.nfe400.classes.nota.NFNotaInfoIdentificacaoTest#naoDevePermitirSerieComTamanhoInvalido,
com.fincatto.documentofiscal.nfe400.classes.nota.NFNotaInfoItemImpostoICMS20Test#naoDevePermitirPercentualAliquotaNulo,
com.fincatto.documentofiscal.nfe400.classes.nota.NFNotaInfoItemImpostoICMS20Test#naoDevePermitirValorBCICMSNulo,
com.fincatto.documentofiscal.nfe400.classes.nota.NFNotaInfoItemImpostoICMS20Test#deveGerarXMLDeAcordoComOPadraoEstabelecido,
com.fincatto.documentofiscal.nfe400.classes.nota.NFNotaInfoItemImpostoICMS20Test#naoDevePermitirOrigemNulo,
com.fincatto.documentofiscal.nfe400.classes.nota.NFNotaInfoItemImpostoICMS20Test#devePermitirDesoneracaoNulo,
com.fincatto.documentofiscal.nfe400.classes.nota.NFNotaInfoIdentificacaoTest#naoDevePermitirVersaoEmissorComTamanhoInvalido,
com.fincatto.documentofiscal.nfe400.classes.nota.NFNotaInfoIdentificacaoTest#naoDevePermitirAmbienteNulo,
com.fincatto.documentofiscal.nfe400.classes.nota.NFNotaInfoIdentificacaoTest#naoDevePermitirOperacaoConsumidorFinalNulo,
com.fincatto.documentofiscal.nfe400.classes.nota.NFNotaInfoIdentificacaoTest#naoDevePermitirNumeroNotaComTamanhoInvalido,
com.fincatto.documentofiscal.nfe400.classes.nota.NFNotaInfoIdentificacaoTest#naoDevePermitirDigitoVerificadorComTamanhoInvalido,
com.fincatto.documentofiscal.nfe400.classes.nota.NFNotaInfoIdentificacaoTest#naoDevePermitirDataEmissaoNulo,
com.fincatto.documentofiscal.nfe400.classes.nota.NFNotaInfoIdentificacaoTest#naoDevePermitirNumeroNotaNulo,
com.fincatto.documentofiscal.nfe400.classes.nota.NFNotaInfoIdentificacaoTest#naoDevePermitirSerieNulo,
com.fincatto.documentofiscal.nfe400.classes.nota.NFNotaInfoIdentificacaoTest#devePermitirDataSaidaNulo,
com.fincatto.documentofiscal.nfe400.classes.nota.NFNotaInfoIdentificacaoTest#naoDevePermitirDigitoVerificadorNulo,
com.fincatto.documentofiscal.nfe400.classes.nota.NFNotaInfoIdentificacaoTest#devePermitirReferenciadasComTamanhoInvalido,
com.fincatto.documentofiscal.nfe400.classes.nota.NFNotaInfoIdentificacaoTest#naoDevePermitirReferenciadasComTamanhoInvalido,
com.fincatto.documentofiscal.nfe400.classes.nota.NFNotaInfoIdentificacaoTest#naoDevePermitirCodigoMunicipioNulo,
com.fincatto.documentofiscal.nfe400.classes.nota.NFNotaInfoIdentificacaoTest#naoDevePermitirFinalidadeNulo,
com.fincatto.documentofiscal.nfe400.classes.nota.NFNotaInfoIdentificacaoTest#naoDevePermitirIndicadorPresencaCompradorNulo,
com.fincatto.documentofiscal.nfe400.classes.nota.NFNotaInfoItemProdutoCombustivelCIDETest#deveObterValorComoFoiSetado,
com.fincatto.documentofiscal.nfe400.classes.nota.NFNotaInfoIdentificacaoTest#naoDevePermitirTipoNulo,
com.fincatto.documentofiscal.nfe400.classes.nota.NFNotaInfoItemProdutoCombustivelCIDETest#deveObterQuantidadeBCCIDEComoFoiSetado,
com.fincatto.documentofiscal.nfe400.classes.nota.NFNotaInfoItemProdutoCombustivelCIDETest#deveObterValorAliquotaComoFoiSetado,
com.fincatto.documentofiscal.nfe400.classes.nota.NFNotaInfoItemProdutoCombustivelCIDETest#naoDevePermitirValorAliquotaComTamanhoInvalido,
com.fincatto.documentofiscal.nfe400.classes.nota.NFInfoModelo1Por1AReferenciadaTest#naoDevePermitirCNPJComTamanhoInvalido,
com.fincatto.documentofiscal.nfe400.classes.nota.NFNotaInfoItemProdutoCombustivelCIDETest#naoDevePermitirValorQuantidadeBCCIDEComTamanhoInvalido,
com.fincatto.documentofiscal.nfe400.classes.nota.NFNotaInfoIdentificacaoTest#deveGerarXMLDeAcordoComOPadraoEstabelecido,
com.fincatto.documentofiscal.nfe400.classes.nota.NFNotaInfoItemProdutoCombustivelCIDETest#naoDevePermitirValorComTamanhoInvalido,
com.fincatto.documentofiscal.nfe400.classes.nota.NFInfoModelo1Por1AReferenciadaTest#naoDevePermitirSerieComTamanhoInvalido,
com.fincatto.documentofiscal.nfe400.classes.nota.NFNotaInfoIdentificacaoTest#naoDevePermitirTipoImpressaoNulo,
com.fincatto.documentofiscal.nfe400.classes.nota.NFNotaInfoIdentificacaoTest#naoDevePermitirModeloNulo,
com.fincatto.documentofiscal.nfe400.classes.nota.NFNotaInfoIdentificacaoTest#naoDevePermitirIdentificadorLocalDestinoOperacaoNulo,
com.fincatto.documentofiscal.nfe400.classes.nota.NFNotaInfoIdentificacaoTest#devePermitirJustificativaEntradaContingenciaNulo,
com.fincatto.documentofiscal.nfe400.classes.nota.NFNotaInfoIdentificacaoTest#naoDevePermitirTipoEmissaoNulo,
com.fincatto.documentofiscal.nfe400.classes.nota.NFInfoModelo1Por1AReferenciadaTest#naoDevePermitirNumeroDocumentoFiscalComTamanhoInvalido,
com.fincatto.documentofiscal.nfe400.classes.nota.NFViaTransporteInternacionalTest#deveRepresentarOCodigoCorretamente,
com.fincatto.documentofiscal.nfe400.classes.nota.NFNotaInfoIdentificacaoTest#naoDevePermitirProgramaEmissorNulo,
com.fincatto.documentofiscal.nfe400.classes.nota.NFViaTransporteInternacionalTest#deveObterEnumPeloCodigo,
com.fincatto.documentofiscal.nfe400.classes.nota.NFNotaInfoIdentificacaoTest#naoDevePermitirCodigoRandomicoNulo,
com.fincatto.documentofiscal.nfe400.classes.nota.NFNotaInfoIdentificacaoTest#devePermitirDataHoraContigenciaNulo,
com.fincatto.documentofiscal.nfe400.classes.nota.NFInfoModelo1Por1AReferenciadaTest#naoDevePermitirModeloDocumentoFiscalComTamanhoInvalido,
com.fincatto.documentofiscal.nfe400.classes.nota.NFNotaInfoIdentificacaoTest#naoDevePermitirUfNulo,
com.fincatto.documentofiscal.nfe400.classes.nota.NFNotaInfoCadaDeducaoTest#naoDevePermitirDescricaoDeducaoVazia,
com.fincatto.documentofiscal.nfe400.classes.nota.NFNotaInfoIdentificacaoTest#naoDevePermitirVersaoEmissorNulo,
com.fincatto.documentofiscal.nfe400.classes.nota.NFNotaInfoIdentificacaoTest#devePermitirReferenciadasNulo,
com.fincatto.documentofiscal.nfe400.classes.nota.NFNotaInfoCadaDeducaoTest#naoDevePermitirDeducaoMaiorQue60caracteres,
com.fincatto.documentofiscal.nfe400.classes.nota.NFNotaInfoIdentificacaoTest#naoDevePermitirNaturezaOperacaoNulo,
com.fincatto.documentofiscal.nfe400.classes.nota.NFNotaInfoItemProdutoCombustivelCIDETest#naoDevePermitirValorNulo,
com.fincatto.documentofiscal.nfe400.classes.nota.NFNotaInfoItemImpostoTest#devePermitirIcmsNulo,
com.fincatto.documentofiscal.nfe400.classes.nota.NFNotaInfoEmitenteTest#naoDevePermitirCNPJSetadoQuandoCPFEstaSetado,
com.fincatto.documentofiscal.nfe400.classes.nota.NFNotaInfoEmitenteTest#naoDevePermitirCNPJComTamanhoInvalido,
com.fincatto.documentofiscal.nfe400.classes.nota.NFNotaInfoEmitenteTest#naoDevePermitirNomeFantasiaTamanhoInvalido,
com.fincatto.documentofiscal.nfe400.classes.nota.NFNotaInfoItemProdutoCombustivelCIDETest#deveGerarXMLDeAcordoComOPadraoEstabelecido,
com.fincatto.documentofiscal.nfe400.classes.nota.NFNotaInfoItemProdutoCombustivelCIDETest#naoDevePermitirValorAliquotaNulo,
com.fincatto.documentofiscal.nfe400.classes.nota.NFNotaInfoEmitenteTest#naoDevePermitirCPFComTamanhoInvalido,
com.fincatto.documentofiscal.nfe400.classes.nota.NFInfoModelo1Por1AReferenciadaTest#devePermitirNumeroDocumentoFiscalNulo,
com.fincatto.documentofiscal.nfe400.classes.nota.NFNotaInfoItemProdutoCombustivelCIDETest#naoDevePermitirQuantidadeBCCIDENulo,
com.fincatto.documentofiscal.nfe400.classes.nota.NFInfoModelo1Por1AReferenciadaTest#naoDevePermitirCnpjNulo,
com.fincatto.documentofiscal.nfe400.classes.nota.NFInfoModelo1Por1AReferenciadaTest#naoDevePermitirSerieNulo,
com.fincatto.documentofiscal.nfe400.classes.nota.NFInfoModelo1Por1AReferenciadaTest#naoDevePermitirAnoMesEmissaoNFeNulo,
com.fincatto.documentofiscal.nfe400.classes.nota.NFInfoModelo1Por1AReferenciadaTest#naoDevePermitirModeloDocumentoFiscalNulo,
com.fincatto.documentofiscal.nfe400.classes.nota.NFInfoModelo1Por1AReferenciadaTest#naoDevePermitirUfNulo,
com.fincatto.documentofiscal.nfe400.classes.nota.NFInfoModelo1Por1AReferenciadaTest#deveGerarXMLDeAcordoComOPadraoEstabelecido,
com.fincatto.documentofiscal.nfe400.classes.nota.NFNotaInfoCartaoTest#naoDevePermitirNumeroAutorizacaoOperacaoCartaoComTamanhoInvalido,
com.fincatto.documentofiscal.nfe400.classes.nota.NFNotaInfoCartaoTest#naoDevePermitirCNPJComTamanhoInvalido,
com.fincatto.documentofiscal.nfe400.classes.nota.NFNotaInfoCadaDeducaoTest#naoDevePermitirDescricaoDeducaoNulo,
com.fincatto.documentofiscal.nfe400.classes.nota.NFNotaInfoCadaDeducaoTest#naoDevePermitirDeducaoNulo,
com.fincatto.documentofiscal.nfe400.classes.nota.NFNotaInfoEmitenteTest#naoDevePermitirRazoaSocialTamanhoInvalido,
com.fincatto.documentofiscal.nfe400.classes.nota.NFNotaInfoEmitenteTest#naoDevePermitirCPFSetadoQuandoCNPJEstaSetado,
com.fincatto.documentofiscal.nfe400.classes.nota.NFNotaInfoItemImpostoCOFINSSTTest#naoDevePermitirQuantidadeVendidaForaDoLimite,
com.fincatto.documentofiscal.nfe400.classes.nota.NFNotaInfoItemImpostoCOFINSSTTest#naoDevePermitirValorBaseCalculoForaDoLimite,
com.fincatto.documentofiscal.nfe400.classes.nota.NFNotaInfoEmitenteTest#naoDevePermitirRegimeTributarioNulo,
com.fincatto.documentofiscal.nfe400.classes.nota.NFNotaInfoItemImpostoCOFINSSTTest#naoDevePermitirValorAliquotaCOFINSForaoDoLimite,
com.fincatto.documentofiscal.nfe400.classes.nota.NFNotaInfoItemImpostoCOFINSSTTest#naoDevePermitirValorCOFINSForaoDoLimite,
com.fincatto.documentofiscal.nfe400.classes.nota.NFNotaInfoCadaDeducaoTest#deveGerarXMLDeAcordoComOPadraoEstabelecido,
com.fincatto.documentofiscal.nfe400.classes.nota.NFNotaInfoVolumeTest#devePermitirPesoLiquidoNulo,
com.fincatto.documentofiscal.nfe400.classes.nota.NFNotaInfoItemImpostoCOFINSSTTest#naoDevePermitirValorPercentualAliquotaCOFINSForaDoLimite,
com.fincatto.documentofiscal.nfe400.classes.nota.NFNotaInfoEmitenteTest#devePermitirCnpjNulo,
com.fincatto.documentofiscal.nfe400.classes.nota.NFNotaInfoICMSTotalTest#naoDevePermitirValorTotalICMSSTInvalidoMonetario,
com.fincatto.documentofiscal.nfe400.classes.nota.NFNotaInfoICMSTotalTest#naoDevePermitirValorTotalNFeInvalidoMonetario,
com.fincatto.documentofiscal.nfe400.classes.nota.NFNotaInfoEmitenteTest#naoDevePermitirRazaoSocialNulo,
com.fincatto.documentofiscal.nfe400.classes.nota.NFNotaInfoICMSTotalTest#naoDevePermitirValorTotalIPIInvalidoMonetario,
com.fincatto.documentofiscal.nfe400.classes.nota.NFNotaInfoEmitenteTest#naoDevePermitirEnderecoNulo,
com.fincatto.documentofiscal.nfe400.classes.nota.NFNotaInfoEmitenteTest#devePermitirInscricaoEstadualSubstituicaoTributariaNulo,
com.fincatto.documentofiscal.nfe400.classes.nota.NFNotaInfoICMSTotalTest#naoDevePermitirValorTotalICMSInvalidoMonetario,
com.fincatto.documentofiscal.nfe400.classes.nota.NFNotaInfoEmitenteTest#devePermitirClassificacaoNacionalAtividadesEconomicasNulo,
com.fincatto.documentofiscal.nfe400.classes.nota.NFNotaInfoICMSTotalTest#naoDevePermitirOutrasDespesasAcessoriasInvalidoMonetario,
com.fincatto.documentofiscal.nfe400.classes.nota.NFNotaInfoEmitenteTest#devePermitirCpfNulo,
com.fincatto.documentofiscal.nfe400.classes.nota.NFNotaInfoCartaoTest#naoDevePermitirNumeroAutorizacaoOperacaoCartaoNulo,
com.fincatto.documentofiscal.nfe400.classes.nota.NFNotaInfoICMSTotalTest#naoDevePermitirValorCOFINSInvalidoMonetario,
com.fincatto.documentofiscal.nfe400.classes.nota.NFNotaInfoEmitenteTest#devePermitirInscricaoMunicipalNulo,
com.fincatto.documentofiscal.nfe400.classes.nota.NFNotaInfoEmitenteTest#naoDevePermitirInscricaoEstadualNulo,
com.fincatto.documentofiscal.nfe400.classes.nota.NFNotaInfoEmitenteTest#devePermitirNomeFantasiaNulo,
com.fincatto.documentofiscal.nfe400.classes.nota.NFNotaInfoEmitenteTest#deveGerarXMLDeAcordoComOPadraoEstabelecido,
com.fincatto.documentofiscal.nfe400.classes.nota.NFNotaInfoCartaoTest#naoDevePermitirOperadoraCartaoNulo,
com.fincatto.documentofiscal.nfe400.classes.nota.NFNotaInfoICMSTotalTest#naoDevePermitirValorTotalTributosInvalido,
com.fincatto.documentofiscal.nfe400.classes.nota.NFNotaInfoICMSTotalTest#naoDevePermitirValorTotalSeguroInvalidoMonetario,
com.fincatto.documentofiscal.nfe400.classes.nota.NFNotaInfoCartaoTest#naoDevePermitirCNPJNulo,
com.fincatto.documentofiscal.nfe400.classes.nota.NFNotaInfoCartaoTest#deveGerarXMLDeAcordoComOPadraoEstabelecido,
com.fincatto.documentofiscal.nfe400.classes.nota.NFNotaInfoICMSTotalTest#naoDevePermitirValorTotalDescontoInvalidoMonetario,
com.fincatto.documentofiscal.nfe400.classes.nota.NFNotaInfoItemImpostoCOFINSSTTest#deveGerarXMLIndicacaoSomaConfins,
com.fincatto.documentofiscal.nfe400.classes.nota.NFNotaInfoItemImpostoCOFINSSTTest#deveGerarXMLDeAcordoComOPadraoEstabelecido,
com.fincatto.documentofiscal.nfe400.classes.nota.NFNotaInfoICMSTotalTest#naoDevePermitrValorTotalDosProdutosServicosNulo,
com.fincatto.documentofiscal.nfe400.classes.nota.NFNotaInfoICMSTotalTest#naoDevePermitirValorTotalDosProdutosServicosInvalidoMonetario,
com.fincatto.documentofiscal.nfe400.classes.nota.NFNotaInfoICMSTotalTest#naoDevePermitirTotalDescontoNulo,
com.fincatto.documentofiscal.nfe400.classes.nota.NFNotaInfoICMSTotalTest#naoDevePermitirValorPISInvalidoMonetario,
com.fincatto.documentofiscal.nfe400.classes.nota.NFNotaInfoICMSTotalTest#naoDevePermitirICMSSTNulo,
com.fincatto.documentofiscal.nfe400.classes.nota.NFNotaInfoICMSTotalTest#naoDevePermitirOutrasDespesasAcessoriasNulo,
com.fincatto.documentofiscal.nfe400.classes.nota.NFNotaInfoICMSTotalTest#naoDevePermitirValorNulo,
com.fincatto.documentofiscal.nfe400.classes.nota.NFNotaInfoICMSTotalTest#naoDevePermitirBaseCalculoICMSInvalidoMonetario,
com.fincatto.documentofiscal.nfe400.classes.nota.NFNotaInfoICMSTotalTest#naoDevePermitirValorTotalFreteInvalidoMonetario,
com.fincatto.documentofiscal.nfe400.classes.nota.NFNotaInfoICMSTotalTest#naoDevePermitirValorInvalidoMonetario,
com.fincatto.documentofiscal.nfe400.classes.nota.NFNotaInfoICMSTotalTest#naoDevePermitirFreteNulo,
com.fincatto.documentofiscal.nfe400.classes.nota.NFNotaInfoICMSTotalTest#naoDevePermitirValorTotalIIInvalidoMonetario,
com.fincatto.documentofiscal.nfe400.classes.nota.NFNotaInfoICMSTotalTest#devePermitirICMSPartilhaDestinatarioNulo,
com.fincatto.documentofiscal.nfe400.classes.nota.NFNotaInfoICMSTotalTest#naoDevePermitirValorTotalIINulo,
com.fincatto.documentofiscal.nfe400.classes.nota.NFNotaInfoICMSTotalTest#naoDevePermitirCOFINSNulo,
com.fincatto.documentofiscal.nfe400.classes.nota.NFNotaInfoItemTest#naoDevePermitirInformacoesAdicionaisComTamanhoInvalido,
com.fincatto.documentofiscal.nfe400.classes.nota.NFNotaInfoICMSTotalTest#naoDevePermitirValorTotalNFeNulo,
com.fincatto.documentofiscal.nfe400.classes.nota.NFNotaInfoItemTest#naoDevePermitirNumeroItemComTamanhoInvalido,
com.fincatto.documentofiscal.nfe400.classes.nota.NFNotaInfoICMSTotalTest#naoDevePermitirValorTotalIPINulo,
com.fincatto.documentofiscal.nfe400.classes.nota.NFNotaInfoICMSTotalTest#naoDevePermitirTotalPISNulo,
com.fincatto.documentofiscal.nfe400.classes.nota.NFNotaInfoICMSTotalTest#devePermitirICMSFundoCombatePobrezaNulo,
com.fincatto.documentofiscal.nfe400.classes.nota.NFNotaInfoICMSTotalTest#devePermitirICMSPartilhaRemententeNulo,
com.fincatto.documentofiscal.nfe400.classes.nota.NFNotaInfoICMSTotalTest#naoDevePermitirBaseCalculoICMSNulo,
com.fincatto.documentofiscal.nfe400.classes.nota.NFNotaInfoICMSTotalTest#deveGerarXMLDeAcordoComOPadraoEstabelecido,
com.fincatto.documentofiscal.nfe400.classes.nota.NFNotaInfoICMSTotalTest#naoDevePermitirICMSNulo,
com.fincatto.documentofiscal.nfe400.classes.nota.NFNotaInfoICMSTotalTest#devePermitirValorTotalTributosNulo,
com.fincatto.documentofiscal.nfe400.classes.nota.NFNotaInfoItemImpostoICMS40Test#naoDevePermitirValorICMSComTamanhoInvalido,
com.fincatto.documentofiscal.nfe400.classes.nota.NFOperadoraCartaoTest#deveObterTipoApartirDoSeuCodigo,
com.fincatto.documentofiscal.nfe400.classes.nota.NFOperadoraCartaoTest#deveObterStringficadoCorretamente,
com.fincatto.documentofiscal.nfe400.classes.nota.NFNotaInfoICMSTotalTest#naoDevePermitirValorTotalSeguroNulo,
com.fincatto.documentofiscal.nfe400.classes.nota.NFOperadoraCartaoTest#deveRepresentarOCodigoCorretamente,
com.fincatto.documentofiscal.nfe400.classes.nota.NFNotaInfoICMSTotalTest#deveGerarXMLFreteZerado,
com.fincatto.documentofiscal.nfe400.classes.nota.NFNotaInfoISSQNTotalTest#naoDevePermitirValorTotalISSComValorInvalido,
com.fincatto.documentofiscal.nfe400.classes.nota.NFNotaInfoISSQNTotalTest#devePermitirValoresMonetarioValidos,
com.fincatto.documentofiscal.nfe400.classes.nota.NFNotaInfoItemTest#naoDevePermitirProdutoNulo,
com.fincatto.documentofiscal.nfe400.classes.nota.NFNotaInfoICMSTotalTest#devePermitirValorICMSDesoneradoNulo,
com.fincatto.documentofiscal.nfe400.classes.nota.NFNotaInfoItemTest#deveGerarXMLComObservacaoContribuinte,
com.fincatto.documentofiscal.nfe400.classes.nota.NFNotaInfoISSQNTotalTest#naoDevePermitirValorPISsobreServicosInvalido,
com.fincatto.documentofiscal.nfe400.classes.nota.NFNotaInfoItemTest#naoDevePermitirNumeroItemNulo,
com.fincatto.documentofiscal.nfe400.classes.nota.NFNotaInfoItemImpostoCOFINSNaoTributavelTest#naoDevePermitirSituacaoTributariaNulo,
com.fincatto.documentofiscal.nfe400.classes.nota.NFNotaInfoItemTest#devePermitirInformacoesAdicionaisNulo,
com.fincatto.documentofiscal.nfe400.classes.nota.NFNotaInfoItemImpostoCOFINSNaoTributavelTest#deveGerarXMLDeAcordoComOPadraoEstabelecido,
com.fincatto.documentofiscal.nfe400.classes.nota.NFNotaInfoItemTest#devePermitirImpostoDevolvidoNulo,
com.fincatto.documentofiscal.nfe400.classes.nota.NFNotaInfoISSQNTotalTest#naoDevePermitirCalculoINSSComValorInvalido,
com.fincatto.documentofiscal.nfe400.classes.nota.NFNotaInfoItemImpostoICMS40Test#deveGerarXMLDeAcordoComOPadraoEstabelecido,
com.fincatto.documentofiscal.nfe400.classes.nota.NFNotaInfoItemTest#deveGerarXMLComObservacaoFisco,
com.fincatto.documentofiscal.nfe400.classes.nota.NFNotaInfoItemImpostoICMS40Test#devePermitirMotivoDesoneracaoICMSNulo,
com.fincatto.documentofiscal.nfe400.classes.nota.NFNotaInfoItemImpostoICMS40Test#naoDevePermitirSituacaoTributariaNulo,
com.fincatto.documentofiscal.nfe400.classes.nota.NFNotaInfoISSQNTotalTest#naoDevePermitirValorTotalServicosSobNaoIncidenciaNaoTributadosICMSComValorInvalido,
com.fincatto.documentofiscal.nfe400.classes.nota.NFNotaInfoItemImpostoICMS40Test#devePermitirValorICMSDesoneracaoNulo,
com.fincatto.documentofiscal.nfe400.classes.nota.NFNotaInfoISSQNTotalTest#naoDevePermitirValorCOFINSsobreServicosInvalido,
com.fincatto.documentofiscal.nfe400.classes.nota.NFNotaInfoItemTest#deveGerarXMLDeAcordoComOPadraoEstabelecido,
com.fincatto.documentofiscal.nfe400.classes.nota.NFInformacaoIntermediadorTest#naoDevePermitirCnpjInvalido,
com.fincatto.documentofiscal.nfe400.classes.nota.NFNotaInfoItemTest#naoDevePermitirImpostoNulo,
com.fincatto.documentofiscal.nfe400.classes.nota.NFNotaInfoISSQNTotalTest#devePermitirValorTotalRetencaoISSNulo,
com.fincatto.documentofiscal.nfe400.classes.nota.NFNotaInfoItemImpostoICMS40Test#devePermitirValorICMSNulo,
com.fincatto.documentofiscal.nfe400.classes.nota.NFNotaInfoVolumeTest#devePermitirMarcaNulo,
com.fincatto.documentofiscal.nfe400.classes.nota.NFInformacaoIntermediadorTest#naoDevePermitirIdCadIntTranInvalido,
com.fincatto.documentofiscal.nfe400.classes.nota.NFNotaInfoItemImpostoICMS40Test#naoDevePermitirOrigemNulo,
com.fincatto.documentofiscal.nfe400.classes.nota.NFGeraHashCSRTTest#geraSHA1,
com.fincatto.documentofiscal.nfe400.classes.nota.NFNotaInfoISSQNTotalTest#devePermitirTributacaoNulo,
com.fincatto.documentofiscal.nfe400.classes.nota.NFNotaInfoISSQNTotalTest#devePermitirPISNulo,
com.fincatto.documentofiscal.nfe400.classes.nota.NFNotaInfoISSQNTotalTest#devePermitirCOFINSSobreServicosNulo,
com.fincatto.documentofiscal.nfe400.classes.nota.NFGeraHashCSRTTest#geraHashCSRTConformeEsperado,
com.fincatto.documentofiscal.nfe400.classes.nota.NFNotaInfoISSQNTotalTest#devePermitirValorTotalDescontoCondicionadoNulo,
com.fincatto.documentofiscal.nfe400.classes.nota.NFNotaInfoISSQNTotalTest#devePermitirValorTotalDescontoIncondicionadoNulo,
com.fincatto.documentofiscal.nfe400.classes.nota.NFNotaInfoItemImpostoICMSSN101Test#naoDevePermitirPercentualAliquotaAplicavelCalculoCreditoSNComTamanhoInvalido,
com.fincatto.documentofiscal.nfe400.classes.nota.NFNotaInfoItemImpostoICMSSN101Test#naoDevePermitirValorCreditoICMSSNComTamanhoInvalido,
com.fincatto.documentofiscal.nfe400.classes.nota.NFNotaInfoISSQNTotalTest#deveGerarXMLDeAcordoComOPadraoEstabelecidoComVagao,
com.fincatto.documentofiscal.nfe400.classes.nota.NFNotaTest#deveObterIdentificadorLocalComoFoiObtida,
com.fincatto.documentofiscal.nfe400.classes.nota.NFNotaInfoISSQNTotalTest#devePermitirValorDeducaoNulo,
com.fincatto.documentofiscal.nfe400.classes.nota.NFNotaTest#deveObterAssinaturaComoFoiObtida,
com.fincatto.documentofiscal.nfe400.classes.nota.NFNotaInfoISSQNTotalTest#deverPermitirTotalServicosSobNaoIncidenciaNaoTributadosICMSNulo,
com.fincatto.documentofiscal.nfe400.classes.nota.NFNotaInfoISSQNTotalTest#devePermitirISSNulo,
com.fincatto.documentofiscal.nfe400.classes.nota.NFInformacaoIntermediadorTest#naoDevePermitirIdCadIntTranNulo,
com.fincatto.documentofiscal.nfe400.classes.nota.NFNotaInfoItemProdutoDeclaracaoImportacaoAdicaoTest#naoDevePermitirCodigoFabricanteComTamanhoInvalido,
com.fincatto.documentofiscal.nfe400.classes.nota.NFNotaInfoISSQNTotalTest#devePermitirBaseCalculoISSNulo,
com.fincatto.documentofiscal.nfe400.classes.nota.NFNotaInfoItemProdutoDeclaracaoImportacaoAdicaoTest#deveObterSequencialComoFoiSetado,
com.fincatto.documentofiscal.nfe400.classes.nota.NFNotaInfoISSQNTotalTest#devePermitirValorOutrosNulo,
com.fincatto.documentofiscal.nfe400.classes.nota.NFInformacaoIntermediadorTest#naoDevePermitirValorCnpjNulo,
com.fincatto.documentofiscal.nfe400.classes.nota.NFNotaInfoISSQNTotalTest#naoDeverPermitirDataPrestacaoServicoNulo,
com.fincatto.documentofiscal.nfe400.classes.nota.NFNotaTest#deveObterInfoComoFoiSetado,
com.fincatto.documentofiscal.nfe400.classes.nota.NFNotaInfoItemProdutoDeclaracaoImportacaoAdicaoTest#deveObterNumeroComoFoiSetado,
com.fincatto.documentofiscal.nfe400.classes.nota.NFNotaInfoItemProdutoDeclaracaoImportacaoAdicaoTest#naoDevePermitirNumeroAtoConcessorioDrawbackComTamanhoInvalido,
com.fincatto.documentofiscal.nfe400.classes.nota.NFNotaInfoItemProdutoDeclaracaoImportacaoAdicaoTest#naoDevePermitirSequencialComTamanhoInvalido,
com.fincatto.documentofiscal.nfe400.classes.nota.NFNotaInfoItemProdutoDeclaracaoImportacaoAdicaoTest#deveObterCodigoFabricanteComoFoiSetado,
com.fincatto.documentofiscal.nfe400.classes.nota.NFNotaInfoItemImpostoICMSSN101Test#naoDevePermitiOrigemNulo,
com.fincatto.documentofiscal.nfe400.classes.nota.NFNotaInfoItemProdutoDeclaracaoImportacaoAdicaoTest#deveObterNumeroAtoConcessorioDrawbackComoFoiSetado,
com.fincatto.documentofiscal.nfe400.classes.nota.NFNotaInfoItemProdutoDeclaracaoImportacaoAdicaoTest#naoDevePermitirNumeroComTamanhoInvalido,
com.fincatto.documentofiscal.nfe400.classes.nota.NFNotaInfoItemImpostoICMSSN101Test#deveGerarXMLDeAcordoComOPadraoEstabelecido,
com.fincatto.documentofiscal.nfe400.classes.nota.NFInformacaoIntermediadorTest#deveGerarXMLDeAcordoComOPadraoEstabelecido,
com.fincatto.documentofiscal.nfe400.classes.nota.NFNotaInfoItemImpostoICMSSN101Test#naoDevePermitirValorCreditoICMSSNNulo,
com.fincatto.documentofiscal.nfe400.classes.nota.NFNotaInfoItemProdutoDeclaracaoImportacaoAdicaoTest#naoDevePermitirDescontoComTamanhoInvalido,
com.fincatto.documentofiscal.nfe400.classes.nota.NFNotaInfoParcelaTest#naoDevePermitirNumeroDuplicataTamanhoInvalido,
com.fincatto.documentofiscal.nfe400.classes.nota.NFNotaInfoItemImpostoICMS90Test#naoDevePermitirValorZeradoParaPercentualFundoCombatePobrezaST,
com.fincatto.documentofiscal.nfe400.classes.nota.NFNotaTest#naoDevePermitirInfoNulo,
com.fincatto.documentofiscal.nfe400.classes.nota.NFNotaInfoItemImpostoICMSSN101Test#naoDevePermitirPercentualAliquotaAplicavelCalculoCreditoSNNulo,
com.fincatto.documentofiscal.nfe400.classes.nota.NFNotaInfoItemProdutoDeclaracaoImportacaoAdicaoTest#deveObterDescontoComoFoiSetado,
com.fincatto.documentofiscal.nfe400.classes.nota.NFNotaInfoItemImpostoICMS90Test#naoDevePermitirValorZeradoParaPercentualFundoCombatePobreza,
com.fincatto.documentofiscal.nfe400.classes.nota.NFNotaInfoItemProdutoDeclaracaoImportacaoAdicaoTest#devePermitirDescontoNulo,
com.fincatto.documentofiscal.nfe400.classes.nota.NFNotaInfoItemImpostoICMSSN101Test#naoDevePermitirCodigoSituacaoOperacaoSNNulo,
com.fincatto.documentofiscal.nfe400.classes.nota.NFNotaInfoItemImpostoPISNaoTributadoTest#deveGerarXMLDeAcordoComOPadraoEstabelecido,
com.fincatto.documentofiscal.nfe400.classes.nota.NFNotaInfoItemImpostoICMS90Test#naoDevePermitirPercentualAliquotaImpostoICMSST,
com.fincatto.documentofiscal.nfe400.classes.nota.NFNotaInfoItemImpostoPISNaoTributadoTest#naoDevePermitirSituacaoTributariaNulo,
com.fincatto.documentofiscal.nfe400.classes.nota.NFNotaInfoItemImpostoICMS90Test#naoDevePermitirValorBCTamanhoInvalido,
com.fincatto.documentofiscal.nfe400.classes.nota.NFNotaInfoItemImpostoICMS90Test#naoDevePermitirPercentualReducaoBCICMSST,
com.fincatto.documentofiscal.nfe400.classes.nota.NFNotaTest#deveGerarXMLDeAcordoComOPadraoEstabelecido,
com.fincatto.documentofiscal.nfe400.classes.nota.NFNotaInfoItemProdutoDeclaracaoImportacaoAdicaoTest#naoDevePermitirSequencialNulo,
com.fincatto.documentofiscal.nfe400.classes.nota.NFNotaInfoItemProdutoDeclaracaoImportacaoAdicaoTest#devePermitirNumeroPedidoCompraNulo,
com.fincatto.documentofiscal.nfe400.classes.nota.NFNotaInfoItemProdutoDeclaracaoImportacaoAdicaoTest#naoDevePermitirCodigoFabricanteNulo,
com.fincatto.documentofiscal.nfe400.classes.nota.NFNotaInfoItemImpostoICMS90Test#naoDevePermitirPercentualMargemValorAdicionadoICMSST,
com.fincatto.documentofiscal.nfe400.classes.nota.NFNotaInfoItemImpostoICMS90Test#naoDevePermitirPercentualReducaoBC,
com.fincatto.documentofiscal.nfe400.classes.nota.NFNotaInfoItemProdutoDeclaracaoImportacaoAdicaoTest#devePermitirItemPedidoCompraNulo,
com.fincatto.documentofiscal.nfe400.classes.nota.NFNotaInfoItemImpostoICMS90Test#naoDevePermitirPercentualAliquota,
com.fincatto.documentofiscal.nfe400.classes.nota.NFNotaInfoParcelaTest#devePermitirNumeroDuplicataNulo,
com.fincatto.documentofiscal.nfe400.classes.nota.NFNotaInfoItemImpostoICMS90Test#naoDevePermitirValorBCSTTamanhoInvalido,
com.fincatto.documentofiscal.nfe400.classes.nota.NFNotaInfoItemProdutoDeclaracaoImportacaoAdicaoTest#deveGerarXMLDeAcordoComOPadraoEstabelecido,
com.fincatto.documentofiscal.nfe400.classes.nota.NFNotaInfoItemProdutoDeclaracaoImportacaoAdicaoTest#devePermitirNumeroAtoConcessorioDrawbackNulo,
com.fincatto.documentofiscal.nfe400.classes.nota.NFNotaInfoItemImpostoICMS90Test#naoDevePermitirValorTributoTamanhoInvalido,
com.fincatto.documentofiscal.nfe400.classes.nota.NFNotaInfoParcelaTest#deveGerarXMLDeAcordoComOPadraoEstabelecido,
com.fincatto.documentofiscal.nfe400.classes.nota.NFNotaInfoParcelaTest#devePermitirDataVencimentoNulo,
com.fincatto.documentofiscal.nfe400.classes.nota.NFNotaInfoItemProdutoDeclaracaoImportacaoAdicaoTest#naoDevePermitirNumeroNulo,
com.fincatto.documentofiscal.nfe400.classes.nota.NFNotaInfoParcelaTest#naoDevePermitirValorDuplicataNulo,
com.fincatto.documentofiscal.nfe400.classes.nota.NFNotaInfoItemImpostoICMS90Test#naoDevePermitirValorICMSSTTamanhoInvalido,
com.fincatto.documentofiscal.nfe400.classes.nota.NFNotaInfoItemImpostoISSQNTest#naoDevePermitirCodigoMunicipioComTamanhoInvalido,
com.fincatto.documentofiscal.nfe400.classes.nota.NFNotaInfoItemImpostoICMS90Test#devePermitirICMSDesoneracaoNulo,
com.fincatto.documentofiscal.nfe400.classes.nota.NFNotaInfoItemImpostoICMS90Test#devePermitirValorBCSTNulo,
com.fincatto.documentofiscal.nfe400.classes.nota.NFNotaInfoItemImpostoICMS90Test#devePermitirPercentualReducaoBCICMSSTNulo,
com.fincatto.documentofiscal.nfe400.classes.nota.NFNotaInfoItemImpostoICMS90Test#devePermitirPercentualAliquotaNulo,
com.fincatto.documentofiscal.nfe400.classes.nota.NFNotaInfoItemImpostoISSQNTest#naoDevePermitirValorBaseCalculoComTamanhoInvalido,
com.fincatto.documentofiscal.nfe400.classes.nota.NFNotaInfoItemImpostoICMS90Test#devePermitirModalidadeDeterminacaoBCICMSSTNulo,
com.fincatto.documentofiscal.nfe400.classes.nota.NFNotaInfoItemImpostoICMS90Test#devePermitirValorTributoNulo,
com.fincatto.documentofiscal.nfe400.classes.nota.NFNotaInfoItemImpostoICMS90Test#devePermitirValorBCNulo,
com.fincatto.documentofiscal.nfe400.classes.nota.NFNotaInfoItemImpostoISSQNTest#naoDevePermitirItemListaServicosComTamanhoInvalido,
com.fincatto.documentofiscal.nfe400.classes.nota.NFNotaInfoItemImpostoICMS90Test#devePermitirPercentualMargemValorAdicionadoICMSSTNulo,
com.fincatto.documentofiscal.nfe400.classes.nota.NFNotaInfoItemImpostoICMS90Test#devePermitirPercentualAliquotaImpostoICMSSTNulo,
com.fincatto.documentofiscal.nfe400.classes.nota.NFNotaInfoItemImpostoICMS90Test#devePermitirPercentualReducaoBCNulo,
com.fincatto.documentofiscal.nfe400.classes.nota.NFNotaInfoItemImpostoICMS90Test#devePermitirModalidadeBCNulo,
com.fincatto.documentofiscal.nfe400.classes.nota.NFNotaInfoItemImpostoISSQNTest#naoDevePermitirAliquotaISSQNComTamanhoNulo,
com.fincatto.documentofiscal.nfe400.classes.nota.NFNotaInfoItemImpostoICMS90Test#deveGerarXMLDeAcordoComOPadraoEstabelecido,
com.fincatto.documentofiscal.nfe400.classes.nota.NFNotaInfoItemImpostoICMS90Test#devePermitirValorICMSSTNulo,
com.fincatto.documentofiscal.nfe400.classes.nota.NFNotaInfoItemImpostoICMS90Test#naoDevePermitirOrigemNulo,
com.fincatto.documentofiscal.nfe400.classes.nota.NFNotaInfoItemImpostoISSQNTest#naoDevePermitirItemListaServicosNulo,
com.fincatto.documentofiscal.nfe400.classes.nota.NFNotaInfoItemImpostoICMS90Test#naoDevePermitirSituacaoTributariaNulo,
com.fincatto.documentofiscal.nfe400.classes.nota.NFNotaInfoItemImpostoICMS90Test#devePermitirDenoracaoNulo,
com.fincatto.documentofiscal.nfe400.classes.nota.NFNotaInfoItemImpostoISSQNTest#naoDevePermitirValorComTamanhoInvalido,
com.fincatto.documentofiscal.nfe400.classes.nota.NFNotaInfoVolumeTest#devePermitirLacresComTamanhoInvalido,
com.fincatto.documentofiscal.nfe400.classes.nota.NFNotaInfoVolumeTest#naoDevePermitirMarcaComTaamnhoInvalido,
com.fincatto.documentofiscal.nfe400.classes.nota.NFNotaInfoVolumeTest#naoDevePermitirLacresComTamanhoInvalido,
com.fincatto.documentofiscal.nfe400.classes.nota.NFNotaInfoItemImpostoISSQNTest#devePermitirNumeroProcessoNulo,
com.fincatto.documentofiscal.nfe400.classes.nota.NFNotaInfoItemImpostoISSQNTest#naoDevePermitirValorNulo,
com.fincatto.documentofiscal.nfe400.classes.nota.NFNotaInfoVolumeTest#naoDevePermitirNumerocaoVolumesComTamanhoInvalido,
com.fincatto.documentofiscal.nfe400.classes.nota.NFNotaInfoItemImpostoISSQNTest#devePermitirValorDeducaoNulo,
com.fincatto.documentofiscal.nfe400.classes.nota.NFNotaInfoItemImpostoISSQNTest#naoDevePermitirIncentivoFiscalNulo,
com.fincatto.documentofiscal.nfe400.classes.nota.NFNotaInfoVolumeTest#naoDevePermitirEspecieVolumesTransportadosComTamanhoInvalido,
com.fincatto.documentofiscal.nfe400.classes.nota.NFNotaInfoItemImpostoISSQNTest#naoDevePermitirIndicadorExigibilidadeISSNulo,
com.fincatto.documentofiscal.nfe400.classes.nota.NFNotaInfoItemImpostoISSQNTest#naoDevePermitirValorBaseCalculoNulo,
com.fincatto.documentofiscal.nfe400.classes.nota.NFNotaInfoItemImpostoISSQNTest#naoDevePermitirCodigoMunicipioNulo,
com.fincatto.documentofiscal.nfe400.classes.nota.NFNotaInfoItemImpostoISSQNTest#devePermitirValorOutroISSNulo,
com.fincatto.documentofiscal.nfe400.classes.nota.NFNotaInfoItemImpostoISSQNTest#deveGerarXMLDeAcordoComOPadraoEstabelecido,
com.fincatto.documentofiscal.nfe400.classes.nota.NFNotaInfoItemImpostoISSQNTest#naoDevePermitirValorAliquotaNulo,
com.fincatto.documentofiscal.nfe400.classes.nota.NFNotaInfoItemImpostoISSQNTest#devePermitirCodigoPaisNulo,
com.fincatto.documentofiscal.nfe400.classes.nota.NFNotaInfoItemImpostoISSQNTest#devePermitirValorRetencaoISSNulo,
com.fincatto.documentofiscal.nfe400.classes.nota.NFNotaInfoItemImpostoPISTest#devePermitirApenasUmQuantidade,
com.fincatto.documentofiscal.nfe400.classes.nota.NFNotaInfoItemImpostoICMS70Test#naoDevePermitirValorZeradoParaPercentualFundoCombatePobrezaST,
com.fincatto.documentofiscal.nfe400.classes.nota.NFNotaInfoItemImpostoPISTest#devePermitirApenasUmOutrasOperacoes,
com.fincatto.documentofiscal.nfe400.classes.nota.NFNotaInfoItemImpostoPISTest#devePermitirApenasUmNaoTributado,
com.fincatto.documentofiscal.nfe400.classes.nota.NFGeraQRCodeContingenciaOffline20Test#geraQRCodeConformeEsperado,
com.fincatto.documentofiscal.nfe400.classes.nota.NFNotaInfoItemImpostoISSQNTest#devePermitirCodigoMunicipioIncidenciaImpostoNulo,
com.fincatto.documentofiscal.nfe400.classes.nota.NFNotaInfoItemImpostoPISTest#devePermitirApenasUmAliquota,
com.fincatto.documentofiscal.nfe400.classes.nota.NFNotaInfoItemImpostoISSQNTest#devePermitirValorDescontoCondicionadoISSNulo,
com.fincatto.documentofiscal.nfe400.classes.nota.NFNotaInfoItemImpostoISSQNTest#devePermitirValorDescontoIncondicionadoISSNulo,
com.fincatto.documentofiscal.nfe400.classes.nota.NFNotaInfoVolumeTest#devePermitirPesoBrutoNulo,
com.fincatto.documentofiscal.nfe400.classes.nota.NFNotaInfoItemImpostoICMS70Test#naoDevePermitirPercentualAliquotaComTamanhoInvalido,
com.fincatto.documentofiscal.nfe400.classes.nota.NFNotaInfoItemImpostoICMS70Test#naoDevePermitirValorBCSTComTamanhoInvalido,
com.fincatto.documentofiscal.nfe400.classes.nota.NFNotaInfoItemImpostoISSQNTest#devePermitirCodigoServicoNulo,
com.fincatto.documentofiscal.nfe400.classes.nota.NFNotaInfoItemImpostoICMS70Test#naoDevePermitirValorZeradoParaPercentualFundoCombatePobreza,
com.fincatto.documentofiscal.nfe400.classes.nota.NFNotaInfoVolumeTest#devePermitirLacresNulo,
com.fincatto.documentofiscal.nfe400.classes.nota.NFNotaInfoVolumeTest#devePermitirQuantidadeVolumesTransportadosNulo,
com.fincatto.documentofiscal.nfe400.classes.nota.NFNotaInfoVolumeTest#devePermitirEspecieVolumesTransportadosNulo,
com.fincatto.documentofiscal.nfe400.classes.nota.NFNotaInfoItemImpostoICMS70Test#naoDevePermitirPercentualReducaoBCICMSSTComTamanhoInvalido,
com.fincatto.documentofiscal.nfe400.classes.nota.NFNotaInfoItemImpostoICMS70Test#naoDevePermitirValorICMSSTComTamanhoInvalido,
com.fincatto.documentofiscal.nfe400.classes.nota.NFNotaInfoVolumeTest#devePermitirNumeracaoVolumesTransportadosNulo,
com.fincatto.documentofiscal.nfe400.classes.nota.NFNotaInfoVolumeTest#deveGerarXMLDeAcordoComOPadraoEstabelecido,
com.fincatto.documentofiscal.nfe400.classes.nota.NFNotaInfoItemImpostoICMS70Test#naoDevePermitirValorBCComTamanhoInvalido,
com.fincatto.documentofiscal.nfe400.classes.nota.NFNotaInfoItemImpostoICMS70Test#naoDevePermitirValorTributoComTamanhoInvalido,
com.fincatto.documentofiscal.nfe400.classes.nota.NFNotaInfoItemImpostoICMS70Test#naoDevePermitirPercentualMargemValorAdicionadoICMSSTComTamanhoInvalido,
com.fincatto.documentofiscal.nfe400.classes.nota.NFNotaInfoItemImpostoICMS70Test#naoDevePermitirPercentualAliquotaImpostoICMSSTComTamanhoInvalido,
com.fincatto.documentofiscal.nfe400.classes.nota.NFNotaInfoItemImpostoPISTest#deveGerarXMLDeAcordoComOPadraoEstabelecido,
com.fincatto.documentofiscal.nfe400.classes.nota.NFNotaInfoItemImpostoICMS70Test#naoDevePermitirPercentualReducaoBCComTamanhoInvalido,
com.fincatto.documentofiscal.nfe400.classes.nota.NFNotaInfoItemImpostoICMSSN202Test#naoDevePermitirValorZeradoParaPercentualFundoCombatePobreza,
com.fincatto.documentofiscal.nfe400.classes.nota.NFNotaInfoItemImpostoICMS70Test#naoDevePermitirValorBCNulo,
com.fincatto.documentofiscal.nfe400.classes.nota.NFNotaInfoItemImpostoICMSSN202Test#naoDevePermitirPercentualReducaoBCICMSSTComTamanhoInvalido,
com.fincatto.documentofiscal.nfe400.classes.nota.NFNotaInfoItemImpostoICMS70Test#devePermitirPercentualReducaoBCICMSSTNulo,
com.fincatto.documentofiscal.nfe400.classes.nota.NFNotaInfoItemImpostoICMS70Test#naoDevePermitirValorICMSSTNulo,
com.fincatto.documentofiscal.nfe400.classes.nota.NFNotaInfoItemImpostoICMSSN202Test#naoDevePermitirPercentualMargemValorAdicionadoICMSSTComTamanhoInvalido,
com.fincatto.documentofiscal.nfe400.classes.nota.NFNotaInfoItemImpostoICMSSN202Test#naoDevePermitirPercentualAliquotaImpostoICMSSTComTamanhoInvalido,
com.fincatto.documentofiscal.nfe400.classes.nota.NFNotaInfoItemImpostoICMS60Test#devePermitirValorICMSSTRetidoRequiredFalse,
com.fincatto.documentofiscal.nfe400.classes.nota.NFNotaInfoItemImpostoICMS70Test#devePermitirValorICMSDesoneracaoNulo,
com.fincatto.documentofiscal.nfe400.classes.nota.NFNotaInfoItemImpostoICMS60Test#devePermitirValorBCICMSSTRetidoRequiredFalse,
com.fincatto.documentofiscal.nfe400.classes.nota.NFNotaInfoItemImpostoICMS60Test#naoDevePermitirValorZeradoParaPercentualFundoCombatePobreza,
com.fincatto.documentofiscal.nfe400.classes.nota.NFNotaInfoItemImpostoICMSSN202Test#naoDevePermitirValorBCICMSSTComTamanhoInvalido,
com.fincatto.documentofiscal.nfe400.classes.nota.NFNotaInfoItemImpostoICMS70Test#devePermitirPercentualMargemValorAdicionadoICMSSTNulo,
com.fincatto.documentofiscal.nfe400.classes.nota.NFNotaInfoItemImpostoICMS70Test#naoDevePermitirPercentualAliquotaNulo,
com.fincatto.documentofiscal.nfe400.classes.nota.NFNotaInfoItemImpostoICMS70Test#deveGerarXMLDeAcordoComOPadraoEstabelecido,
com.fincatto.documentofiscal.nfe400.classes.nota.NFNotaInfoItemImpostoICMS60Test#naoDevePermitirValorICMSSTRetidoComTamanhoInvalido,
com.fincatto.documentofiscal.nfe400.classes.nota.NFNotaInfoItemImpostoICMSSN202Test#naoDevePermitirValorICSMSSTComTamanhoInvalido,
com.fincatto.documentofiscal.nfe400.classes.nota.NFNotaInfoItemImpostoICMS70Test#naoDevePermitirValorTributoNulo,
com.fincatto.documentofiscal.nfe400.classes.nota.NFNotaInfoItemImpostoICMS70Test#devePermitirPercentualReducaoBCNulo,
com.fincatto.documentofiscal.nfe400.classes.nota.NFInformacaoImpostoDevolvidoTest#naoDevePermitirValorIPIInvalido,
com.fincatto.documentofiscal.nfe400.classes.nota.NFNotaInfoItemImpostoICMS70Test#naoDevePermitirOrigemNulo,
com.fincatto.documentofiscal.nfe400.classes.nota.NFNotaInfoItemImpostoICMS70Test#naoDevePermitirSituacaoTributariaNulo,
com.fincatto.documentofiscal.nfe400.classes.nota.NFNotaInfoItemImpostoICMS70Test#naoDevePermitirValorBCSTNulo,
com.fincatto.documentofiscal.nfe400.classes.nota.NFNotaInfoItemImpostoICMS60Test#naoDevePermitirValorBCICMSSTRetidoComTamanhoInvalido,
com.fincatto.documentofiscal.nfe400.classes.nota.NFNotaInfoItemImpostoICMS70Test#naoDevePermitirPercentualAliquotaImpostoICMSSTNulo,
com.fincatto.documentofiscal.nfe400.classes.nota.NFNotaInfoItemImpostoICMS70Test#naoDevePermitirModalidadeDeterminacaoBCICMSSTNulo,
com.fincatto.documentofiscal.nfe400.classes.nota.NFNotaInfoItemImpostoICMS70Test#naoDevePermitirModalidadeBCNulo,
com.fincatto.documentofiscal.nfe400.classes.nota.NFNotaInfoItemImpostoICMS70Test#devePermitirDesoneracaoNulo,
com.fincatto.documentofiscal.nfe400.classes.nota.NFNotaInfoItemImpostoICMSSN202Test#naoDevePermitirValorICMSSTNulo,
com.fincatto.documentofiscal.nfe400.classes.nota.NFNotaInfoItemImpostoICMSSTTest#naoDevePermitirValorBCICMSSTRetidoUFRemetenteComTamanhoInvalido,
com.fincatto.documentofiscal.nfe400.classes.nota.NFGeraQRCodeEmissaoNormal20Test#geraQRCodeConformeEsperado,
com.fincatto.documentofiscal.nfe400.classes.nota.NFNotaInfoItemImpostoICMSSTTest#naoDevePermitirValorPercentualFundoCombatePobrezaRetidoSTComTamanhoInvalido,
com.fincatto.documentofiscal.nfe400.classes.nota.NFNotaInfoItemImpostoICMSSTTest#naoDevePermitirValorBCFCPSTRetComTamanhoInvalido,
com.fincatto.documentofiscal.nfe400.classes.nota.NFNotaInfoItemImpostoICMSSN202Test#devePermitirPercentualMargemValorAdicionadoICMSSTNulo,
com.fincatto.documentofiscal.nfe400.classes.nota.NFNotaInfoItemImpostoICMSSN202Test#devePermitirPercentualReducaoBCICMSSTNulo,
com.fincatto.documentofiscal.nfe400.classes.nota.NFNotaInfoItemImpostoICMSSTTest#naoDevePermitirValorICMSSTRetidoUFRemetenteComTamanhoInvalido,
com.fincatto.documentofiscal.nfe400.classes.nota.NFNotaInfoItemImpostoICMSSN202Test#naoDevePermitirValorBCICMSSTNulo,
com.fincatto.documentofiscal.nfe400.classes.nota.NFNotaInfoItemImpostoICMSSTTest#naoDevePermitirValorPercentualAliquotaICMSEfetivaComTamanhoInvalido,
com.fincatto.documentofiscal.nfe400.classes.nota.NFNotaInfoItemImpostoICMSSTTest#naoDevePermitirValorBCEfetivaComTamanhoInvalido,
com.fincatto.documentofiscal.nfe400.classes.nota.NFNotaInfoItemImpostoICMSSN202Test#naoDevePermitirPercentualAliquotaImpostoICMSSTNulo,
com.fincatto.documentofiscal.nfe400.classes.nota.NFNotaInfoItemImpostoICMSSTTest#naoDevePermitirValorPercentualAliquotaICMSEfetivaComTamanhoDecimalInvalido,
com.fincatto.documentofiscal.nfe400.classes.nota.NFNotaInfoItemImpostoICMSSTTest#naoDevePermitirValorBCICMSSTUFDestinoComTamanhoInvalido,
com.fincatto.documentofiscal.nfe400.classes.nota.NFNotaInfoItemImpostoICMSSN202Test#deveGerarXMLDeAcordoComOPadraoEstabelecido,
com.fincatto.documentofiscal.nfe400.classes.nota.NFNotaInfoItemImpostoICMSSN202Test#naoDevePermitirOrigemNulo,
com.fincatto.documentofiscal.nfe400.classes.nota.NFNotaInfoItemImpostoICMSSN202Test#naoDevePermitirSituacaoOperacaoSNNulo,
com.fincatto.documentofiscal.nfe400.classes.nota.NFNotaInfoItemImpostoICMSSTTest#naoDevePermitirValorPercentualReducaoBCEfetivaComTamanhoDecimalInvalido,
com.fincatto.documentofiscal.nfe400.classes.nota.NFNotaInfoItemImpostoICMSSN202Test#naoDevePermitirModalidadeDeterminacaoBCICMSSTNulo,
com.fincatto.documentofiscal.nfe400.NotaFiscalChaveParserTest#deveObterUFDeChave,
com.fincatto.documentofiscal.nfe400.classes.nota.NFNotaInfoItemImpostoICMSSTTest#naoDevePermitirValorAliqSuportadaConsFinalComTamanhoDecimalInvalido,
com.fincatto.documentofiscal.nfe400.classes.nota.NFInformacaoImpostoDevolvidoTest#naoDevePermitirValorIPINulo,
com.fincatto.documentofiscal.nfe400.classes.nota.NFNotaInfoItemImpostoICMS60Test#naoDevePermitirOrigemNulo,
com.fincatto.documentofiscal.nfe400.classes.nota.NFInformacaoImpostoDevolvidoTest#deveGerarXMLDeAcordoComOPadraoEstabelecido,
com.fincatto.documentofiscal.nfe400.classes.nota.NFNotaInfoItemImpostoICMS60Test#naoDeveSituacaoTributariaNulo,
com.fincatto.documentofiscal.nfe400.classes.nota.NFNotaInfoItemImpostoICMSSTTest#naoDevePermitirValorPercentualFundoCombatePobrezaRetidoSTComTamanhoDecimalInvalido,
com.fincatto.documentofiscal.nfe400.classes.nota.NFNotaInfoItemImpostoICMSSTTest#naoDevePermitirValorPercentualReducaoBCEfetivaComTamanhoInvalido,
com.fincatto.documentofiscal.nfe400.classes.nota.NFNotaInfoItemImpostoICMS60Test#deveGerarXMLDeAcordoComOPadraoEstabelecido,
com.fincatto.documentofiscal.nfe400.classes.nota.NFNotaInfoItemImpostoICMSSTTest#naoDevePermitirValorPercentualReducaoBCEfetivaComTamanhoInteiroInvalido,
com.fincatto.documentofiscal.nfe400.classes.nota.NFNotaInfoItemImpostoICMSSTTest#naoDevePermitirValorPercentualAliquotaICMSEfetivaComTamanhoInteiroInvalido,
com.fincatto.documentofiscal.nfe400.classes.nota.NFNotaInfoItemImpostoICMSSTTest#naoDevePermitirValorICMSSTUFDestinoComTamanhoInvalido,
com.fincatto.documentofiscal.nfe400.classes.nota.NFNotaInfoItemImpostoICMSSTTest#naoDevePermitirValorAliqSuportadaConsFinalComTamanhoInteiroInvalido,
com.fincatto.documentofiscal.nfe400.classes.nota.NFNotaInfoItemImpostoICMSSTTest#naoDevePermitirValorAliqSuportadaConsFinalComTamanhoInvalido,
com.fincatto.documentofiscal.nfe400.classes.nota.NFNotaInfoItemImpostoICMSSTTest#naoDevePermitirValorPercentualFundoCombatePobrezaRetidoSTComTamanhoInteiroInvalido,
com.fincatto.documentofiscal.nfe400.classes.nota.NFNotaInfoItemImpostoICMSSTTest#naoDevePermitirValorFundoCombatePobrezaRetidoSTComTamanhoInvalido,
com.fincatto.documentofiscal.nfe400.classes.nota.NFNotaInfoItemImpostoICMSSTTest#naoDevePermitirValorICMSSubstitutoComTamanhoInvalido,
com.fincatto.documentofiscal.nfe400.classes.nota.NFNotaInfoItemImpostoICMSSN900Test#naoDevePermitirAliquotaAplicavelCalculoCreditoSNComTamanhoInvalido,
com.fincatto.documentofiscal.nfe400.classes.nota.NFNotaInfoItemImpostoICMSSTTest#naoDevePermitirValorICMSEfetivoComTamanhoInvalido,
com.fincatto.documentofiscal.nfe400.classes.nota.NFNotaInfoItemImpostoICMSSN900Test#naoDevePermitirValorBCICMSComTamanhoInvalido,
com.fincatto.documentofiscal.nfe400.classes.nota.NFNotaInfoItemImpostoICMSSN900Test#naoDevePermitirValorCreditoICMSSNComTamanhoInvalido,
com.fincatto.documentofiscal.nfe400.classes.nota.NFNotaInfoItemImpostoICMSSN900Test#naoDevePermitirPercentualReducaoBCICMSSTComTamanhoInvalido,
com.fincatto.documentofiscal.nfe400.classes.nota.NFNotaInfoItemImpostoICMSSTTest#naoDevePermitirSituacaoTributariaNulo,
com.fincatto.documentofiscal.nfe400.classes.nota.NFNotaInfoItemImpostoICMSSN900Test#naoDevePermitirValorICMSSTComTamanhoInvalido,
com.fincatto.documentofiscal.nfe400.classes.nota.NFNotaInfoItemImpostoICMSSN900Test#devePermitirValorBCICMSTNulo,
com.fincatto.documentofiscal.nfe400.classes.nota.NFNotaInfoItemImpostoICMSSN900Test#naoDevePermitirPercentualMargemValorAdicionadoICMSSTComTamanhoInvalido,
com.fincatto.documentofiscal.nfe400.classes.nota.NFNotaInfoItemImpostoICMSSTTest#naoDevePermitirValorBCICMSSTRetidoUFRemetenteNulo,
com.fincatto.documentofiscal.nfe400.classes.nota.NFNotaInfoItemImpostoICMSSN900Test#naoDevePermitirValorBCICMSSTComTamanhoInvalido,
com.fincatto.documentofiscal.nfe400.classes.nota.NFNotaInfoItemImpostoICMSSN900Test#naoDevePermitirValorICMSComTamanhoInvalido,
com.fincatto.documentofiscal.nfe400.classes.nota.NFNotaInfoItemImpostoICMSSTTest#deveGerarXMLDeAcordoComOPadraoEstabelecido,
com.fincatto.documentofiscal.nfe400.classes.nota.NFNotaInfoItemImpostoICMSSN900Test#naoDevePermitirPercentualReducaoBCComTamanhoInvalido,
com.fincatto.documentofiscal.nfe400.classes.nota.NFNotaInfoObservacaoTest#naoDevePermitirIdentificacaoCampoComTamanhoNaoPermitido,
com.fincatto.documentofiscal.nfe400.classes.nota.NFNotaInfoItemImpostoICMSSN900Test#naoDevePermitirPercentualAliquotaImpostoComTamanhoInvalido,
com.fincatto.documentofiscal.nfe400.classes.nota.NFNotaInfoItemImpostoICMSSTTest#naoDevePermitirValorICMSSTRetidoUFRemetenteNulo,
com.fincatto.documentofiscal.nfe400.classes.nota.NFNotaInfoItemImpostoICMSSN900Test#naoDevePermitirValorZeradoParaPercentualFundoCombatePobrezaRetidoST,
com.fincatto.documentofiscal.nfe400.classes.nota.NFNotaInfoItemImpostoICMSSTTest#naoDevePermitirOrigemNulo,
com.fincatto.documentofiscal.nfe400.classes.nota.NFNotaInfoItemImpostoICMSSN900Test#naoDevePermitirAliquotaImpostoICMSSTComTamanhoInvalido,
com.fincatto.documentofiscal.nfe400.classes.nota.NFNotaInfoItemImpostoICMSSN900Test#devePermitirModalidadeDeterminacaoBCICMSNulo,
com.fincatto.documentofiscal.nfe400.classes.nota.NFNotaInfoObservacaoTest#naoDevePermitirConteudoCampoComTamanhoNaoPermitido,
com.fincatto.documentofiscal.nfe400.classes.nota.NFNotaInfoItemImpostoICMSSTTest#naoDevePermitirValorICMSUFDestinoNulo,
com.fincatto.documentofiscal.nfe400.classes.nota.NFNotaInfoItemImpostoICMSSN900Test#devePermitirAliquotaImpostoICMSSTNulo,
com.fincatto.documentofiscal.nfe400.classes.nota.NFNotaInfoItemProdutoTest#naoDevePermitirCfopComTamanhoInvalido,
com.fincatto.documentofiscal.nfe400.classes.nota.NFNotaInfoItemImpostoICMSSN900Test#deveModalidadeBCICMSSTNulo,
com.fincatto.documentofiscal.nfe400.classes.nota.NFNotaInfoItemImpostoICMSSTTest#naoDevePermitirBCICMSSTUFDestinoNulo,
com.fincatto.documentofiscal.nfe400.classes.nota.NFNotaInfoItemImpostoICMSSN900Test#devePermitirPercentualReducaoBCICMSSTNulo,
com.fincatto.documentofiscal.nfe400.classes.nota.NFNotaInfoItemProdutoTest#deveObterNumeroPedidoClienteComoFoiSetado,
com.fincatto.documentofiscal.nfe400.classes.nota.NFNotaInfoItemImpostoICMSSN900Test#devePermitirValorCreditoICMSSNNulo,
com.fincatto.documentofiscal.nfe400.classes.nota.NFNotaInfoItemImpostoICMSSN900Test#devePermitirValorBCICMSNulo,
com.fincatto.documentofiscal.nfe400.classes.nota.NFNotaInfoItemImpostoICMSSN900Test#devePermitirPercentualMargemValorAdicionadoICMSSTNulo,
com.fincatto.documentofiscal.nfe400.classes.nota.NFNotaInfoItemProdutoTest#deveObterVeiculoComoFoiSetado,
com.fincatto.documentofiscal.nfe400.classes.nota.NFNotaInfoItemImpostoICMSSN900Test#devePermitirAliquotaAplicavelCalculoCreditoSNNulo,
com.fincatto.documentofiscal.nfe400.classes.nota.NFNotaInfoItemImpostoICMSSN900Test#deveGerarXMLDeAcordoComOPadraoEstabelecido,
com.fincatto.documentofiscal.nfe400.classes.nota.NFNotaInfoItemImpostoICMSSN900Test#naoDevePermitirOrigemNulo,
com.fincatto.documentofiscal.nfe400.classes.nota.NFNotaInfoItemImpostoICMSSN900Test#devePermitirPercentualReducaoBCNulo,
com.fincatto.documentofiscal.nfe400.classes.nota.NFNotaInfoItemProdutoTest#deveObterCombustivelComoFoiSetado,
com.fincatto.documentofiscal.nfe400.classes.nota.NFNotaInfoItemProdutoTest#naoDevePermitirSetarRECOPICasoVeiculoMedicamentoCombustivelSetadoOuArmamento,
com.fincatto.documentofiscal.nfe400.classes.nota.NFNotaInfoItemProdutoTest#deveObterNumeroControleFCIComoFoiSetado,
com.fincatto.documentofiscal.nfe400.classes.nota.NFNotaInfoItemProdutoTest#naoDevePermitirValorOutrasDespesasAcessoriasComTamanhoInvalido,
com.fincatto.documentofiscal.nfe400.classes.nota.NFNotaInfoItemProdutoTest#deveObterValorUnitarioTributavelComoFoiSetado,
com.fincatto.documentofiscal.nfe400.classes.nota.NFNotaInfoItemImpostoICMSSN900Test#naoDevePermitirSituacaoOperacaoSNNulo,
com.fincatto.documentofiscal.nfe400.classes.nota.NFNotaInfoItemImpostoICMSSN900Test#devePermitirPercentualAliquotaImpostoNulo,
com.fincatto.documentofiscal.nfe400.classes.nota.NFNotaInfoItemProdutoTest#deveObterDetalhesExportacaoComoFoiSetado,
com.fincatto.documentofiscal.nfe400.classes.nota.NFNotaInfoItemImpostoICMSSN900Test#devePermitirValorICMSSTNulo,
com.fincatto.documentofiscal.nfe400.classes.nota.NFNotaInfoItemProdutoTest#deveObterCodigoDeBarrasComoFoiSetado,
com.fincatto.documentofiscal.nfe400.classes.nota.NFNotaInfoItemProdutoTest#deveObterCodigoEspecificadorSituacaoTributariaComoFoiSetado,
com.fincatto.documentofiscal.nfe400.classes.nota.NFNotaInfoItemImpostoICMSSN900Test#devePermitirValorBCICMSSTNulo,
com.fincatto.documentofiscal.nfe400.classes.nota.NFNotaInfoItemProdutoTest#naoDevePermitirNcmNulo,
com.fincatto.documentofiscal.nfe400.classes.nota.NFNotaInfoItemProdutoTest#deveObterValorDescontoComoFoiSetado,
com.fincatto.documentofiscal.nfe400.classes.nota.NFNotaInfoItemImpostoICMSSN900Test#devePermitirValorICMSNulo,
com.fincatto.documentofiscal.nfe400.classes.nota.NFNotaInfoObservacaoTest#naoDevePermitirIdentificacaoCampoNulo,
com.fincatto.documentofiscal.nfe400.classes.nota.NFNotaInfoItemProdutoTest#deveObterArmamentosComoFoiSetado,
com.fincatto.documentofiscal.nfe400.classes.nota.NFNotaInfoObservacaoTest#deveGerarXMLDeAcordoComOPadraoEstabelecido,
com.fincatto.documentofiscal.nfe400.classes.nota.NFNotaInfoItemProdutoTest#naoDeveCodigoDeBarrasComTamanhoInvalido,
com.fincatto.documentofiscal.nfe400.classes.nota.NFNotaInfoObservacaoTest#naoDevePermitirConteudoCampoNulo,
com.fincatto.documentofiscal.nfe400.classes.nota.NFNotaInfoItemProdutoTest#naoDevePermitirDescricaoComTamanhoInvalido,
com.fincatto.documentofiscal.nfe400.classes.nota.NFNotaInfoItemProdutoTest#deveObterNomeclaturaValorAduaneiroEstatisticaComoFoiSetado,
com.fincatto.documentofiscal.nfe400.NotaFiscalChaveParserTest#deveObterSerieDaChave,
com.fincatto.documentofiscal.nfe400.classes.nota.NFNotaInfoItemProdutoTest#naoDevePermitirSetarArmamentoCasoVeiculoMedicamentoCombustivelOuRECOPISetado,
com.fincatto.documentofiscal.nfe400.classes.nota.NFNotaInfoItemProdutoTest#naoDevePermitirValorTotalBrutoComTamanhoInvalido,
com.fincatto.documentofiscal.nfe400.classes.nota.NFNotaInfoItemProdutoTest#devePermitirCombustivelNulo,
com.fincatto.documentofiscal.nfe400.classes.nota.NFNotaInfoItemProdutoTest#deveGerarXMLDeAcordoComOPadraoEstabelecidoCodigoBarrasDiferenteGtin,
com.fincatto.documentofiscal.nfe400.classes.nota.NFNotaInfoItemProdutoTest#deveObterDeclaracoesImportacaoComoFoiSetado,
com.fincatto.documentofiscal.nfe400.classes.nota.NFNotaInfoItemProdutoTest#naoDevePermitirUnidadeTributavelComTamanhoInvalido,
com.fincatto.documentofiscal.nfe400.classes.nota.NFNotaInfoItemProdutoTest#naoDevePermitirSetarMedicamentoCasoVeiculoArmamentoCombustivelOuRECOPISetado,
com.fincatto.documentofiscal.nfe400.classes.nota.NFNotaInfoItemProdutoTest#naoDevePermitirCodigoDeBarrasTributavelNulo,
com.fincatto.documentofiscal.nfe400.classes.nota.NFNotaInfoItemProdutoTest#naoDevePermitirValorUnitarioTributavelComTamanhoInvalido,
com.fincatto.documentofiscal.nfe400.classes.nota.NFNotaInfoItemProdutoTest#naoDevePermitirUnidadeComercialNulo,
com.fincatto.documentofiscal.nfe400.classes.nota.NFNotaInfoItemProdutoTest#naoDevePermitirCompoeValotNotaNulo,
com.fincatto.documentofiscal.nfe400.classes.nota.NFNotaInfoItemProdutoTest#deveGerarXMLDeAcordoComOPadraoEstabelecidoCodigoBarrasGtin,
com.fincatto.documentofiscal.nfe400.classes.nota.NFNotaInfoItemProdutoTest#devePermitirDeclaracoesImportacaoNulo,
com.fincatto.documentofiscal.nfe400.classes.nota.NFNotaInfoItemProdutoTest#naoDevePermitirValorUnitarioComTamanhoInvalido,
com.fincatto.documentofiscal.nfe400.classes.nota.NFNotaInfoItemProdutoTest#naoDevePermitirQuantidadeComercialNulo,
com.fincatto.documentofiscal.nfe400.classes.nota.NFNotaInfoItemProdutoTest#naoDevePermitirCodigoComTamanhoInvalido,
com.fincatto.documentofiscal.nfe400.classes.nota.NFNotaInfoItemProdutoTest#naoDevePermitirValorFreteComTamanhoInvalido,
com.fincatto.documentofiscal.nfe400.classes.nota.NFNotaInfoItemProdutoTest#deveObterValorUnitarioComoFoiSetado,
com.fincatto.documentofiscal.nfe400.classes.nota.NFNotaInfoItemProdutoTest#deveObterCfopComoFoiSetado,
com.fincatto.documentofiscal.nfe400.classes.nota.NFNotaInfoItemProdutoTest#naoDevePermitirCodigoDeBarrasNulo,
com.fincatto.documentofiscal.nfe400.classes.nota.NFNotaInfoItemProdutoTest#naoDevePermitirValorTotalBrutoNulo,
com.fincatto.documentofiscal.nfe400.classes.nota.NFNotaInfoItemProdutoTest#naoDevePermitirNomeclaturaForaDoPadrao,
com.fincatto.documentofiscal.nfe400.classes.nota.NFNotaInfoItemProdutoTest#naoDevePermitirNumeroPedidoItemClienteComTamanhoInvalido,
com.fincatto.documentofiscal.nfe400.classes.nota.NFNotaInfoItemProdutoTest#deveObterCodigoComoFoiSetado,
com.fincatto.documentofiscal.nfe400.classes.nota.NFNotaInfoItemProdutoTest#naoDevePermitirQuantidadeTributavelComTamanhoInvalido,
com.fincatto.documentofiscal.nfe400.classes.nota.NFNotaInfoItemProdutoTest#naoDevePermitirNumeroPedidoClienteComTamanhoInvalido,
com.fincatto.documentofiscal.nfe400.classes.nota.NFNotaInfoItemProdutoTest#naoDevePermitirCESTComTamanhoInvalido,
com.fincatto.documentofiscal.nfe400.classes.nota.NFNotaInfoItemProdutoTest#deveObterValorSeguroComoFoiSetado,
com.fincatto.documentofiscal.nfe400.classes.nota.NFNotaInfoItemProdutoTest#naoDevePermitirNcmComTamanhoInvalido,
com.fincatto.documentofiscal.nfe400.classes.nota.NFNotaInfoItemProdutoTest#naoDevePermitirSetarVeiculoCasoArmamentoOuCombustivelOuRECOPISetado,
com.fincatto.documentofiscal.nfe400.classes.nota.NFNotaInfoItemProdutoTest#deveObterNcmComoFoiSetado,
com.fincatto.documentofiscal.nfe400.classes.nota.NFNotaInfoItemProdutoTest#devePermitirVeiculoNulo,
com.fincatto.documentofiscal.nfe400.classes.nota.NFNotaInfoItemProdutoTest#naoDevePermitirValorUnitarioNulo,
com.fincatto.documentofiscal.nfe400.classes.nota.NFNotaInfoItemProdutoTest#deveObterQuantidadeTributavelComoFoiSetado,
com.fincatto.documentofiscal.nfe400.classes.nota.NFNotaInfoItemProdutoTest#deveObterCodigoDeBarrasTributavelComoFoiSetado,
com.fincatto.documentofiscal.nfe400.classes.nota.NFNotaInfoItemProdutoTest#naoDevePermitirValorDescontoComTamanhoInvalido,
com.fincatto.documentofiscal.nfe400.classes.nota.NFNotaInfoItemProdutoTest#naoDevePermitirQuantidadeTributavelNulo,
com.fincatto.documentofiscal.nfe400.classes.nota.NFNotaInfoItemProdutoTest#naoDevePermitirNumeroControleComFormatoInvalido,
com.fincatto.documentofiscal.nfe400.classes.nota.NFNotaInfoItemProdutoTest#naoDevePermitirUnidadeTributavelNulo,
com.fincatto.documentofiscal.nfe400.classes.nota.NFNotaInfoItemProdutoTest#devePermitirArmamentosNulo,
com.fincatto.documentofiscal.nfe400.classes.nota.NFNotaInfoItemProdutoTest#deveObterValorFreteComoFoiSetado,
com.fincatto.documentofiscal.nfe400.classes.nota.NFNotaInfoItemProdutoTest#deveObterCompoeValorNotaComoFoiSetado,
com.fincatto.documentofiscal.nfe400.classes.nota.NFNotaInfoItemProdutoTest#devePermitirNumeroPedidoItemClienteNulo,
com.fincatto.documentofiscal.nfe400.classes.nota.NFNotaInfoItemProdutoTest#naoDevePermitirDetalhesImportacaoTamanhoInvalido,
com.fincatto.documentofiscal.nfe400.classes.nota.NFNotaInfoItemProdutoTest#naoDeveCodigoDeBarrasTributavelComTamanhoInvalido,
com.fincatto.documentofiscal.nfe400.classes.nota.NFNotaInfoItemProdutoTest#devePermitirNumeroPedidoClienteNulo,
com.fincatto.documentofiscal.nfe400.classes.nota.NFNotaInfoItemProdutoTest#naoDevePermitirValorUnitarioTributavelNulo,
com.fincatto.documentofiscal.nfe400.classes.nota.NFNotaInfoItemProdutoTest#deveObterNumeroPedidoItemClienteComoFoiSetado,
com.fincatto.documentofiscal.nfe400.classes.nota.NFNotaInfoItemProdutoTest#deveGerarTagsCeansVaziasQuandoProdutoNaoPossuiCodigoDeBarras,
com.fincatto.documentofiscal.nfe400.classes.nota.NFNotaInfoItemProdutoTest#deveGerarXMLComCeanECeanTribVaziosCasoSejaNuloAoSerParseado,
com.fincatto.documentofiscal.nfe400.classes.nota.NFNotaInfoItemProdutoTest#deveObterNnidadeTributavelComoFoiSetado,
com.fincatto.documentofiscal.nfe400.classes.nota.NFNotaInfoItemProdutoTest#deveObterNnidadeComercialComoFoiSetado,
com.fincatto.documentofiscal.nfe400.classes.nota.NFNotaInfoItemProdutoTest#deveObterNumeroRECOPIComoFoiSetado,
com.fincatto.documentofiscal.nfe400.classes.nota.NFNotaInfoItemProdutoTest#devePermitirValorFreteNulo,
com.fincatto.documentofiscal.nfe400.classes.nota.NFNotaInfoItemProdutoTest#deveObterDescricaoComoFoiSetado,
com.fincatto.documentofiscal.nfe400.classes.nota.NFNotaInfoItemProdutoTest#deveObterValorTotalBrutoComoFoiSetado,
com.fincatto.documentofiscal.nfe400.classes.nota.NFNotaInfoItemProdutoTest#naoDevePermitirExtipiComTamanhoInvalido,
com.fincatto.documentofiscal.nfe400.classes.nota.NFNotaInfoItemProdutoTest#deveGerarXMLDeAcordoComOPadraoEstabelecido,
com.fincatto.documentofiscal.nfe400.classes.nota.NFNotaInfoItemProdutoTest#naoDevePermitirUnidadeComercialComTamanhoInvalido,
com.fincatto.documentofiscal.nfe400.classes.nota.NFNotaInfoItemProdutoTest#deveObterValorOutrasDespesasAcessoriasComoFoiSetado,
com.fincatto.documentofiscal.nfe400.classes.nota.NFNotaInfoItemProdutoTest#devePermitirDescricaoNulo,
com.fincatto.documentofiscal.nfe400.classes.nota.NFVerificaChaveTest#verificaChave,
com.fincatto.documentofiscal.nfe400.classes.nota.NFNotaInfoItemProdutoTest#naoDevePermitirCfopNulo,
com.fincatto.documentofiscal.nfe400.classes.nota.NFNotaInfoItemProdutoTest#deveObterQuantidadeComercialComoFoiSetado,
com.fincatto.documentofiscal.nfe400.classes.nota.NFNotaInfoItemProdutoTest#naoDevePermitirCodigoNulo,
com.fincatto.documentofiscal.nfe400.classes.nota.NFNotaInfoItemProdutoTest#naoDevePermitirValorSeguroComTamanhoInvalido,
com.fincatto.documentofiscal.nfe400.classes.nota.NFNotaInfoItemProdutoTest#naoDevePermitirQuantidadeComercialComTamanhoInvalido,
com.fincatto.documentofiscal.nfe400.classes.nota.NFNotaInfoItemProdutoTest#deveObterMedicamentosComoFoiSetado,
com.fincatto.documentofiscal.nfe400.classes.nota.NFNotaInfoItemProdutoTest#deveRetornarSEMGTINCasoNaoPossuaCodigoDeBarras,
com.fincatto.documentofiscal.nfe400.classes.nota.NFNotaInfoItemProdutoTest#deveObterExtipiComoFoiSetado,
com.fincatto.documentofiscal.nfe400.classes.nota.NFNotaInfoVeiculoTest#naoDevePermitirPlacaFormatoInvalido,
com.fincatto.documentofiscal.nfe400.classes.nota.NFNotaInfoVeiculoTest#naoDevePermitirRNCTComTamanhoInvalido,
com.fincatto.documentofiscal.nfe400.classes.nota.NFNotaInfoItemProdutoTest#devePermitirDetalhesExportacaoNulo,
com.fincatto.documentofiscal.nfe400.classes.nota.NFNotaInfoRegimeEspecialTributacaoTest#deveObterStringficadoCorretamente,
com.fincatto.documentofiscal.nfe400.classes.nota.NFNotaInfoRegimeEspecialTributacaoTest#deveObterTipoApartirDoSeuCodigo,
com.fincatto.documentofiscal.nfe400.classes.nota.NFNotaInfoRegimeEspecialTributacaoTest#deveRepresentarOCodigoCorretamente,
com.fincatto.documentofiscal.nfe400.classes.nota.NFNotaInfoItemProdutoTest#devePermitirValorOutrasDespesasAcessoriasNulo,
com.fincatto.documentofiscal.nfe400.classes.nota.NFNotaInfoItemImpostoTest#deveObterCofinsstComoFoiSetado,
com.fincatto.documentofiscal.nfe400.classes.nota.NFNotaInfoItemImpostoTest#deveObterImpostoImportacaoComoFoiSetado,
com.fincatto.documentofiscal.nfe400.classes.nota.NFNotaInfoItemImpostoTest#deveObterIpiComoFoiSetado,
com.fincatto.documentofiscal.nfe400.classes.nota.NFNotaInfoItemImpostoCOFINSTest#devePermitirApenasUmAliquota,
com.fincatto.documentofiscal.nfe400.classes.nota.NFNotaInfoItemImpostoTest#naoDevePermitirSetarISSQNCasoICMSouIPIouIICasoEstejamSetados,
com.fincatto.documentofiscal.nfe400.classes.nota.NFNotaInfoItemProdutoTest#devePermitirMedicamentosNulo,
com.fincatto.documentofiscal.nfe400.classes.nota.NFNotaInfoItemImpostoTest#deveObterIssqnComoFoiSetado,
com.fincatto.documentofiscal.nfe400.classes.nota.NFNotaInfoItemProdutoTest#devePermitirsetNomeclaturaValorAduaneiroEstatisticaNulo,
com.fincatto.documentofiscal.nfe400.classes.nota.NFNotaInfoItemProdutoTest#devePermitirExtipiNulo,
com.fincatto.documentofiscal.nfe400.classes.nota.NFNotaInfoItemImpostoTest#naoDevePermitirValorTotalTributosComTamanhoInvalido,
com.fincatto.documentofiscal.nfe400.classes.nota.NFNotaInfoItemProdutoTest#devePermitirValorSeguroNulo,
com.fincatto.documentofiscal.nfe400.classes.nota.NFNotaInfoItemProdutoTest#devePermitirValorDescontoNulo,
com.fincatto.documentofiscal.nfe400.classes.nota.NFNotaInfoItemImpostoTest#deveObterValorTotalTributosComoSetado,
com.fincatto.documentofiscal.nfe400.classes.nota.NFNotaInfoVeiculoTest#deveGerarXMLDeAcordoComOPadraoEstabelecido,
com.fincatto.documentofiscal.nfe400.classes.nota.NFNotaInfoVeiculoTest#devePermitirRNCTNulo,
com.fincatto.documentofiscal.nfe400.classes.nota.NFNotaInfoItemImpostoTest#naoDevePermitirICMSouIPIouIICasoISSQNEstejaSetado,
com.fincatto.documentofiscal.nfe400.classes.nota.NFNotaInfoItemImpostoTest#naoDeveGerarIcms10PercentualMVANulo,
com.fincatto.documentofiscal.nfe400.classes.nota.NFNotaInfoItemImpostoTest#deveObterPisstComoFoiSetado,
com.fincatto.documentofiscal.nfe400.classes.nota.NFNotaInfoItemImpostoCOFINSQuantidadeTest#naoDevePermitirQuantidadeVendidoNulo,
com.fincatto.documentofiscal.nfe400.classes.nota.NFNotaInfoItemImpostoTest#deveObterPisComoFoiSetado,
com.fincatto.documentofiscal.nfe400.classes.nota.NFNotaInfoVeiculoTest#naoDevePermitirUFNulo,
com.fincatto.documentofiscal.nfe400.classes.nota.NFNotaInfoItemImpostoTest#deveObterIcmsComoFoiSetado,
com.fincatto.documentofiscal.nfe400.classes.nota.NFNotaInfoItemImpostoTest#naoDeveGerarIcms10ComPercentualMVA,
com.fincatto.documentofiscal.nfe400.classes.nota.NFNotaInfoVeiculoTest#naoDevePermitirPlacaNulo,
com.fincatto.documentofiscal.nfe400.classes.nota.NFNotaInfoItemImpostoTest#devePermitirCofinsNulo,
com.fincatto.documentofiscal.nfe400.classes.nota.NFNotaInfoItemImpostoTest#deveObterNFNotaInfoItemImpostoCOFINSComoFoiSetado,
com.fincatto.documentofiscal.nfe400.classes.nota.NFNotaInfoItemImpostoCOFINSQuantidadeTest#naoDevePermitirValorTributoNulo,
com.fincatto.documentofiscal.nfe400.classes.nota.NFNotaInfoItemImpostoTest#deveObterIcmsUfDestinoComoFoiSetado,
com.fincatto.documentofiscal.nfe400.classes.nota.NFNotaInfoItemImpostoCOFINSQuantidadeTest#naoDevePermitirValorAliquotaNulo,
com.fincatto.documentofiscal.nfe400.classes.nota.NFNotaInfoItemImpostoCOFINSTest#devePermitirApenasUmNaoTributavel,
com.fincatto.documentofiscal.nfe400.classes.nota.NFNotaInfoItemImpostoCOFINSTest#devePermitirApenasUmQuantidade,
com.fincatto.documentofiscal.nfe400.classes.nota.NFNotaInfoItemImpostoTest#devePermitirPisstNulo,
com.fincatto.documentofiscal.nfe400.classes.nota.NFNotaInfoItemImpostoCOFINSTest#devePermitirApenasUmOutrasOperacoes,
com.fincatto.documentofiscal.nfe400.classes.nota.NFNotaInfoItemImpostoICMSSN500Test#naoDevePermitirValorBCICMSSTRetidoTamanhoInvalido,
com.fincatto.documentofiscal.nfe400.classes.nota.NFNotaInfoItemImpostoICMSSN500Test#naoDevePermitirValorICMSSTRetidoTamanhoInvalido,
com.fincatto.documentofiscal.nfe400.classes.nota.NFNotaInfoItemImpostoTest#devePermitirIssqnNulo,
com.fincatto.documentofiscal.nfe400.classes.nota.NFNotaInfoItemImpostoICMSSN500Test#naoDevePermitirValorZeradoParaPercentualFundoCombatePobrezaRetidoST,
com.fincatto.documentofiscal.nfe400.classes.nota.NFNotaInfoItemImpostoTest#devePermitirPisNulo,
com.fincatto.documentofiscal.nfe400.classes.nota.NFNotaInfoResponsavelTecnicoTest#naoDevePermitirCNPJComTamanhoInvalido,
com.fincatto.documentofiscal.nfe400.classes.nota.NFNotaInfoItemImpostoTest#devePermitirImpostoImportacaoNulo,
com.fincatto.documentofiscal.nfe400.classes.nota.NFNotaInfoResponsavelTecnicoTest#naoDevePermitirEmailTamanhoInvalido,
com.fincatto.documentofiscal.nfe400.classes.nota.NFNotaInfoResponsavelTecnicoTest#deveLancarExcecaoTelefone,
com.fincatto.documentofiscal.nfe400.classes.nota.NFNotaInfoItemImpostoTest#devePermitirCofinsstNulo,
com.fincatto.documentofiscal.nfe400.classes.nota.NFNotaInfoResponsavelTecnicoTest#deveLancarExcecaoEmailInfo,
com.fincatto.documentofiscal.nfe400.classes.nota.NFIndicadorPresencaCompradorTest#deveRepresentarOCodigoCorretamente,
com.fincatto.documentofiscal.nfe400.classes.nota.NFNotaInfoItemImpostoTest#deveGerarXMLDeAcordoComOPadraoEstabelecido,
com.fincatto.documentofiscal.nfe400.classes.nota.NFNotaInfoResponsavelTecnicoTest#naoDevePermitirContatoNomeTamanhoInvalido,
com.fincatto.documentofiscal.nfe400.classes.nota.NFIndicadorPresencaCompradorTest#deveObterTipoApartirDoSeuCodigo,
com.fincatto.documentofiscal.nfe400.classes.nota.NFEnderecoTest#naoDevePermitirLogradouroComTamanhoInvalido,
com.fincatto.documentofiscal.nfe400.classes.nota.NFNotaInfoItemImpostoTest#deveGerarIcms10,
com.fincatto.documentofiscal.nfe400.classes.nota.NFEnderecoTest#naoDevePermitirPaisUfEX,
com.fincatto.documentofiscal.nfe400.classes.nota.NFNotaInfoItemImpostoTest#devePermitirIpiNulo,
com.fincatto.documentofiscal.nfe400.classes.nota.NFNotaInfoItemImpostoTest#devePermitirValorTotalTributosNulo,
com.fincatto.documentofiscal.nfe400.classes.nota.NFNotaInfoItemImpostoTest#devePermitirICmsUfDestinoNulo,
com.fincatto.documentofiscal.nfe400.classes.nota.NFEnderecoTest#deveObterLogradouroComoFoiSetado,
com.fincatto.documentofiscal.nfe400.classes.nota.NFNotaInfoItemImpostoCOFINSQuantidadeTest#deveGerarXMLDeAcordoComOPadraoEstabelecido,
com.fincatto.documentofiscal.nfe400.classes.nota.NFEnderecoTest#deveObterNumeroComoFoiSetado,
com.fincatto.documentofiscal.nfe400.classes.nota.NFNotaInfoItemImpostoCOFINSTest#deveGerarXMLDeAcordoComOPadraoEstabelecido,
com.fincatto.documentofiscal.nfe400.classes.nota.NFEnderecoTest#naoDevePermitirTelefoneComTamanhoInvalido,
com.fincatto.documentofiscal.nfe400.classes.nota.NFEnderecoTest#naoDevePermitirCodigoMunicipioComTamanhoInvalido,
com.fincatto.documentofiscal.nfe400.classes.nota.NFNotaInfoItemImpostoICMSSN500Test#naoDevePermitirOrigemSNNulo,
com.fincatto.documentofiscal.nfe400.classes.nota.NFEnderecoTest#deveObterCepComoFoiSetado,
com.fincatto.documentofiscal.nfe400.classes.nota.NFEnderecoTest#deveObterBairroComoFoiSetado,
com.fincatto.documentofiscal.nfe400.classes.nota.NFEnderecoTest#deveObterUfComoFoiSetado,
com.fincatto.documentofiscal.nfe400.classes.nota.NFEnderecoTest#naoDevePermitirBairroComTamanhoInvalido,
com.fincatto.documentofiscal.nfe400.classes.nota.NFEnderecoTest#naoDevePermitirNumeroComTamanhoInvalido,
com.fincatto.documentofiscal.nfe400.classes.nota.NFNotaInfoItemImpostoICMSSN500Test#deveGerarXMLDeAcordoComOPadraoEstabelecido,
com.fincatto.documentofiscal.nfe400.classes.nota.NFEnderecoTest#deveObterComplementoComoFoiSetado,
com.fincatto.documentofiscal.nfe400.classes.nota.NFEnderecoTest#deveObterCodigoPaisComoFoiSetado,
com.fincatto.documentofiscal.nfe400.classes.nota.NFEnderecoTest#naoDevePermitirComplementoComTamanhoInvalido,
com.fincatto.documentofiscal.nfe400.classes.nota.NFEnderecoTest#naoDevePermitirDescricaoMunicipioComTamanhoInvalido,
com.fincatto.documentofiscal.nfe400.classes.nota.NFNotaInfoItemImpostoICMSSN500Test#naoDevePermitirSituacaoOperacaoSNNulo,
com.fincatto.documentofiscal.nfe400.classes.nota.NFEnderecoTest#deveObterCodigoMunicipioComoFoiSetado,
com.fincatto.documentofiscal.nfe400.classes.nota.NFEnderecoTest#deveObterTelefoneComoFoiSetado,
com.fincatto.documentofiscal.nfe400.classes.nota.NFEnderecoTest#naoDevePermitirPaisBrasilUfEX,
com.fincatto.documentofiscal.nfe400.classes.nota.NFEnderecoTest#naoDevePermitirDescricaoMunicipioNulo,
com.fincatto.documentofiscal.nfe400.classes.nota.NFNotaInfoResponsavelTecnicoTest#deveGerarXMLDeAcordoComOPadraoEstabelecido,
com.fincatto.documentofiscal.nfe400.classes.nota.NFEnderecoTest#deveObterDescricaoMunicipioComoFoiSetado,
com.fincatto.documentofiscal.nfe400.classes.nota.NFNotaInfoItemImpostoICMSTest#deveObterIcms90ComoFoiSetado,
com.fincatto.documentofiscal.nfe400.classes.nota.NFNotaInfoItemImpostoICMSTest#deveObterIcmsSN202ComoFoiSetado,
com.fincatto.documentofiscal.nfe400.classes.nota.NFNotaInfoItemImpostoICMSTest#deveObterIcms60ComoFoiSetado,
com.fincatto.documentofiscal.nfe400.classes.nota.NFNotaInfoItemImpostoICMSTest#deveObterIcmsSN500ComoFoiSetado,
com.fincatto.documentofiscal.nfe400.classes.nota.NFNotaInfoItemImpostoICMSTest#deveObterIcms70ComoFoiSetado,
com.fincatto.documentofiscal.nfe400.classes.nota.NFNotaInfoItemImpostoICMSTest#deveObterIcmsSN201ComoFoiSetado,
com.fincatto.documentofiscal.nfe400.classes.nota.NFEnderecoTest#naoDevePermitirCodigoMunicipioNulo,
com.fincatto.documentofiscal.nfe400.classes.nota.NFNotaInfoItemImpostoICMSTest#deveObterIcms10ComoFoiSetado,
com.fincatto.documentofiscal.nfe400.classes.nota.NFEnderecoTest#naoDevePermitirLogradouroNulo,
com.fincatto.documentofiscal.nfe400.classes.nota.NFEnderecoTest#devePermitirTelefoneNulo,
com.fincatto.documentofiscal.nfe400.classes.nota.NFNotaInfoItemImpostoICMSTest#naoDeveEstarSelecionadoCasoNaoTenhaICMSSetado,
com.fincatto.documentofiscal.nfe400.classes.nota.NFNotaInfoItemImpostoICMSTest#deveEstarSelecionadoCasoTenhaUmICMSSetado,
com.fincatto.documentofiscal.nfe400.classes.nota.NFNotaInfoItemImpostoICMSTest#deveObterIcmsSN102ComoFoiSetado,
com.fincatto.documentofiscal.nfe400.classes.nota.NFNotaInfoItemImpostoICMSTest#deveObterIcms40ComoFoiSetado,
com.fincatto.documentofiscal.nfe400.classes.nota.NFNotaInfoItemImpostoICMSTest#deveObterIcmsSTComoFoiSetado,
com.fincatto.documentofiscal.nfe400.classes.nota.NFNotaInfoItemImpostoICMSTest#deveObterIcmsSN101ComoFoiSetado,
com.fincatto.documentofiscal.nfe400.classes.nota.NFNotaInfoItemImpostoICMSTest#deveObterIcms20ComoFoiSetado,
com.fincatto.documentofiscal.nfe400.classes.nota.NFNotaInfoItemImpostoICMSTest#deveObterIcms51ComoFoiSetado,
com.fincatto.documentofiscal.nfe400.classes.nota.NFNotaInfoItemImpostoICMSTest#deveObterIcmsPartilhadoComoFoiSetado,
com.fincatto.documentofiscal.nfe400.classes.nota.NFNotaInfoItemImpostoICMSTest#devePermitirApenasUmICMSSelecionado,
com.fincatto.documentofiscal.nfe400.classes.nota.NFEnderecoTest#devePermitirCodigoPaisNulo,
com.fincatto.documentofiscal.nfe400.classes.nota.NFNotaInfoItemImpostoICMSTest#deveObterIcmsSN900ComoFoiSetado,
com.fincatto.documentofiscal.nfe400.classes.nota.NFNotaInfoItemImpostoICMSTest#deveObterIcms30ComoFoiSetado,
com.fincatto.documentofiscal.nfe400.classes.nota.NFEnderecoTest#deveGerarXMLDeAcordoComOPadraoEstabelecido,
com.fincatto.documentofiscal.nfe400.classes.nota.NFEnderecoTest#devePermitirComplementoNulo,
com.fincatto.documentofiscal.nfe400.classes.nota.NFNotaInfoDestinatarioTest#naoDevePermitirCNPJSetadoQuandoCPFEstaSetado,
com.fincatto.documentofiscal.nfe400.classes.nota.NFEnderecoTest#devePermitirCepNulo,
com.fincatto.documentofiscal.nfe400.classes.nota.NFNotaInfoDestinatarioTest#naoDevePermitirEmailTamanhoInvalido,
com.fincatto.documentofiscal.nfe400.classes.nota.NFEnderecoTest#devePermitirPaisUfEX,
com.fincatto.documentofiscal.nfe400.classes.nota.NFNotaInfoDestinatarioTest#naoDevePermitirCNPJComTamanhoInvalido,
com.fincatto.documentofiscal.nfe400.classes.nota.NFNotaInfoItemImpostoICMSTest#deveObterIcms00ComoFoiSetado,
com.fincatto.documentofiscal.nfe400.classes.nota.NFNotaInfoDestinatarioTest#naoDevePermitirCPFComTamanhoInvalido,
com.fincatto.documentofiscal.nfe400.classes.nota.NFEnderecoTest#naoDevePermitirNumeroNulo,
com.fincatto.documentofiscal.nfe400.classes.nota.NFEnderecoTest#naoDevePermitirBairroNulo,
com.fincatto.documentofiscal.nfe400.classes.nota.NFNotaInfoDestinatarioTest#naoDevePermitirCPFSetadoQuandoCNPJEstaSetado,
com.fincatto.documentofiscal.nfe400.classes.nota.NFNotaInfoDestinatarioTest#naoDevePermitirInscricaoEstadualSeIdEstrangeiroSetado,
com.fincatto.documentofiscal.nfe400.classes.nota.NFEnderecoTest#naoDevePermitirUFNulo,
com.fincatto.documentofiscal.nfe400.classes.nota.NFNotaInfoDestinatarioTest#naoDevePermitirInscricaoSuframaTamanhoInvalido,
com.fincatto.documentofiscal.nfe400.classes.nota.NFNotaInfoDestinatarioTest#naoDevePermitirRazoaSocialTamanhoInvalido,
com.fincatto.documentofiscal.nfe400.classes.nota.NFNotaInfoReboqueTest#naoDevePermitirPlacaVeiculoInvalido,
com.fincatto.documentofiscal.nfe400.classes.nota.NFNotaInfoDestinatarioTest#naoDevePermitirIdEstrangeiroSeInscricaoEstadualSetado,
com.fincatto.documentofiscal.nfe400.classes.nota.NFNotaInfoDestinatarioTest#devePermitirInscricaoEstadualNulo,
com.fincatto.documentofiscal.nfe400.classes.nota.NFNotaInfoDestinatarioTest#devePermitirIdEstrangeiroComTamanhoZero,
com.fincatto.documentofiscal.nfe400.classes.nota.NFNotaInfoItemProdutoCombustivelTest#naoDevePermitirCodigoProdutoANPComTamanhoInvalido,
com.fincatto.documentofiscal.nfe400.classes.nota.NFNotaInfoItemProdutoCombustivelTest#naoDevePermitirQuantidadeComTamanhoInvalido,
com.fincatto.documentofiscal.nfe400.classes.nota.NFNotaInfoDestinatarioTest#devePermitirEnderecoNulo,
com.fincatto.documentofiscal.nfe400.classes.nota.NFNotaInfoItemProdutoCombustivelTest#naoDevePermitirCodigoAutorizacaoCODIFComTamanhoInvalido,
com.fincatto.documentofiscal.nfe400.classes.nota.NFNotaInfoDestinatarioTest#naoDevePermitirNFIndicadorIEDestinatarioNulo,
com.fincatto.documentofiscal.nfe400.classes.nota.NFNotaInfoDestinatarioTest#devePermitirCNPJNulo,
com.fincatto.documentofiscal.nfe400.classes.nota.NFNotaInfoInformacoesAdicionaisTest#naoDevePermitirInformacoesAdicionaisInteresseTamanhoInvalido,
com.fincatto.documentofiscal.nfe400.classes.nota.NFNotaInfoInformacoesAdicionaisTest#devePermitirObservacoesContribuinteComTamanhoValido,
com.fincatto.documentofiscal.nfe400.classes.nota.NFNotaInfoInformacoesAdicionaisTest#devePermitirProcessosReferencidosComTamanhoInvalido,
com.fincatto.documentofiscal.nfe400.classes.nota.NFNotaInfoDestinatarioTest#devePermitirCPFNulo,
com.fincatto.documentofiscal.nfe400.classes.nota.NFNotaInfoInformacoesAdicionaisTest#devePermitirObservacoesFiscoTamanhoValido,
com.fincatto.documentofiscal.nfe400.classes.nota.NFNotaInfoDestinatarioTest#devePermitirInscricaoSuframaNulo,
com.fincatto.documentofiscal.nfe400.classes.nota.NFNotaInfoInformacoesAdicionaisTest#noaDevePermitirObservacoesContribuinteTamanhoInvalido,
com.fincatto.documentofiscal.nfe400.classes.nota.NFNotaInfoDestinatarioTest#deveGerarXMLDeAcordoComOPadraoEstabelecido,
com.fincatto.documentofiscal.nfe400.classes.nota.NFNotaInfoDestinatarioTest#devePermitirEmailNulo,
com.fincatto.documentofiscal.nfe400.classes.nota.NFNotaInfoInformacoesAdicionaisTest#naoDevePermitirProcessosReferencidosComTamanhoInvalido,
com.fincatto.documentofiscal.nfe400.classes.nota.NFNotaInfoReboqueTest#deveGerarXMLDeAcordoComOPadraoEstabelecidoComRNTC,
com.fincatto.documentofiscal.nfe400.classes.nota.NFNotaInfoInformacoesAdicionaisTest#naoDevePermitirInformacoesComplementaresInteresseContribuinteTamanhoInvalido,
com.fincatto.documentofiscal.nfe400.classes.nota.NFNotaInfoReboqueTest#devePermitirRegistroNacionaltransportadorCargaNulo,
com.fincatto.documentofiscal.nfe400.classes.nota.NFNotaInfoReboqueTest#deveGerarXMLDeAcordoComOPadraoEstabelecidoComVagao,
com.fincatto.documentofiscal.nfe400.classes.nota.NFNotaInfoInformacoesAdicionaisTest#noaDevePermitirObservacoesFiscoTamanhoInvalido,
com.fincatto.documentofiscal.nfe400.classes.nota.NFNotaInfoReboqueTest#naoDevePermitirUFNulo,
com.fincatto.documentofiscal.nfe400.classes.nota.NFNotaInfoReboqueTest#naoDevePermitirPlacaNulo,
com.fincatto.documentofiscal.nfe400.classes.nota.NFNotaInfoDestinatarioTest#devePermitirInscricaoMunicipalNuloNulo,
com.fincatto.documentofiscal.nfe400.classes.nota.NFNotaInfoItemProdutoCombustivelTest#devePermitirQuantidadeNulo,
com.fincatto.documentofiscal.nfe400.classes.nota.NFNotaInfoLacreTest#naoDevePermitirNumeroLacreComTamanhoInvalido,
com.fincatto.documentofiscal.nfe400.classes.nota.NFNotaInfoItemProdutoCombustivelTest#naoDevePermitirCodigoProdutoANPNulo,
com.fincatto.documentofiscal.nfe400.classes.nota.NFNotaInfoItemProdutoCombustivelTest#descricaoANPDeveTer9Digitos,
com.fincatto.documentofiscal.nfe400.classes.nota.NFNotaInfoItemProdutoCombustivelTest#devePermitirCideNulo,
com.fincatto.documentofiscal.nfe400.classes.nota.NFNotaInfoItemProdutoCombustivelTest#deveGerarXMLDeAcordoComOPadraoEstabelecido,
com.fincatto.documentofiscal.nfe400.classes.nota.NFNotaInfoTotalTest#naoDevePermitirICMSTotalNulo,
com.fincatto.documentofiscal.nfe400.classes.nota.NFNotaInfoItemProdutoCombustivelTest#devePermitirCodigoAutorizacaoCODIFNulo,
com.fincatto.documentofiscal.nfe400.classes.nota.NFNotaInfoItemProdutoCombustivelTest#naoDevePermitirUFNulo,
com.fincatto.documentofiscal.nfe400.classes.nota.NFNotaInfoItemProdutoCombustivelTest#naoDevePermitirDescricaoProdutoANPNulo,
com.fincatto.documentofiscal.nfe400.classes.nota.NFNotaInfoInformacoesAdicionaisTest#devePermitirInformacoesAdicionaisInteresseFiscoNulo,
com.fincatto.documentofiscal.nfe400.classes.nota.NFNotaInfoTotalTest#devePermitirRetencoesTributosNulo,
com.fincatto.documentofiscal.nfe400.classes.nota.NFNotaInfoTotalTest#deveGerarXMLDeAcordoComOPadraoEstabelecido,
com.fincatto.documentofiscal.nfe400.classes.nota.NFNotaInfoInformacoesAdicionaisTest#devePermitirObservacoesContribuinteNulo,
com.fincatto.documentofiscal.nfe400.classes.nota.NFNotaInfoTransporteTest#naoDevePermitirVolumesComTamanhoInvalido,
com.fincatto.documentofiscal.nfe400.classes.nota.NFNotaInfoTotalTest#devePermitirISSQNTotalNulo,
com.fincatto.documentofiscal.nfe400.classes.nota.NFNotaInfoInformacoesAdicionaisTest#devePermitirInformacoesComplementaresInteresseContribuinteNulo,
com.fincatto.documentofiscal.nfe400.classes.nota.NFNotaInfoInformacoesAdicionaisTest#deveGerarXMLDeAcordoComOPadraoEstabelecido,
com.fincatto.documentofiscal.nfe400.classes.nota.NFNotaInfoInformacoesAdicionaisTest#devePermitirProcessosReferenciadosNulo,
com.fincatto.documentofiscal.nfe400.classes.nota.NFNotaInfoInformacoesAdicionaisTest#devePermitirObservacoesFiscoNulo,
com.fincatto.documentofiscal.nfe400.classes.nota.NFGeraQRCode20Test#geraSHA1,
com.fincatto.documentofiscal.nfe400.classes.nota.NFNotaInfoInformacoesAdicionaisTest#deveGerarXMLDeAcordoComOPadraoEstabelecidoTipoAtoConcessorio,
com.fincatto.documentofiscal.nfe400.classes.nota.NFNotaInfoFormaPagamentoTest#deveInformarDescricaoMeioPagamentoQuando99Outros,
com.fincatto.documentofiscal.nfe400.classes.nota.NFNotaInfoTransporteTest#devePermitirVolumesComTamanhoInvalido,
com.fincatto.documentofiscal.nfe400.classes.nota.NFNotaInfoFormaPagamentoTest#tamanhoMinimo2CampoDescricaoMeioPagamento,
com.fincatto.documentofiscal.nfe400.classes.nota.NFNotaInfoTransporteTest#deveGerarXMLDeAcordoComOPadraoEstabelecido,
com.fincatto.documentofiscal.nfe400.classes.nota.NFNotaInfoFormaPagamentoTest#naoDeveInformarDescricaoMeioPagamentoQuandoDiferente99Outros,
com.fincatto.documentofiscal.nfe400.classes.nota.NFNotaInfoLacreTest#deveGerarXMLDeAcordoComOPadraoEstabelecido,
com.fincatto.documentofiscal.nfe400.classes.nota.NFNotaInfoLacreTest#naoDevePermitirNumeroLacreNulo,
com.fincatto.documentofiscal.nfe400.classes.nota.NFNotaInfoFormaPagamentoTest#naoDevePermitirValorPagamentoComTamanhoInvalido,
com.fincatto.documentofiscal.nfe400.classes.nota.NFNotaInfoTransporteTest#devePermitirReboqueNulo,
com.fincatto.documentofiscal.nfe400.classes.nota.NFNotaInfoFormaPagamentoTest#tamanhoMaximo60CampoDescricaoMeioPagamento,
com.fincatto.documentofiscal.nfe400.classes.statusservico.consulta.NFStatusServicoConsultaRetornoTest#deveObterUFComoFoiSetado,
com.fincatto.documentofiscal.nfe400.classes.statusservico.consulta.NFStatusServicoConsultaRetornoTest#deveObterTempoMedioComoFoiSetado,
com.fincatto.documentofiscal.nfe400.classes.statusservico.consulta.NFStatusServicoConsultaRetornoTest#deveObterVersaoComoFoiSetado,
com.fincatto.documentofiscal.nfe400.classes.statusservico.consulta.NFStatusServicoConsultaRetornoTest#deveObterObservacaoComoFoiSetado,
com.fincatto.documentofiscal.nfe400.classes.nota.NFNotaInfoTransporteTest#devePermitirICMSTransporteNulo,
com.fincatto.documentofiscal.nfe400.classes.statusservico.consulta.NFStatusServicoConsultaRetornoTest#deveObterStatusComoFoiSetado,
com.fincatto.documentofiscal.nfe400.classes.statusservico.consulta.NFStatusServicoConsultaRetornoTest#deveObterDataRecebimentoComoFoiSetado,
com.fincatto.documentofiscal.nfe400.classes.statusservico.consulta.NFStatusServicoConsultaRetornoTest#deveObterVersaoAplicacaoComoFoiSetado,
com.fincatto.documentofiscal.nfe400.classes.statusservico.consulta.NFStatusServicoConsultaRetornoTest#deveObterDataRetornoComoFoiSetado,
com.fincatto.documentofiscal.nfe400.classes.nota.NFNotaInfoTransporteTest#devePermitirVolumesNulo,
com.fincatto.documentofiscal.nfe400.classes.statusservico.consulta.NFStatusServicoConsultaRetornoTest#deveObterMotivoComoFoiSetado,
com.fincatto.documentofiscal.nfe400.classes.statusservico.consulta.NFStatusServicoConsultaRetornoTest#deveObterAmbienteComoFoiSetado,
com.fincatto.documentofiscal.nfe400.classes.NFNotaInfoItemProdutoVeiculoRestricaoTest#deveObterProdutoVeiculoRestricaoApartirDoSeuCodigo,
com.fincatto.documentofiscal.nfe400.classes.nota.NFNotaInfoTransporteTest#devePermitirVeiculoNulo,
com.fincatto.documentofiscal.nfe400.classes.statusservico.consulta.NFStatusServicoConsultaTest#deveObterServicoComoFoiSetado,
com.fincatto.documentofiscal.nfe400.classes.nota.NFNotaInfoTransporteTest#naoDevePermitirModalidadeFreteNulo,
com.fincatto.documentofiscal.nfe400.classes.statusservico.consulta.NFStatusServicoConsultaTest#deveObterUFComoFoiSetado,
com.fincatto.documentofiscal.nfe400.classes.statusservico.consulta.NFStatusServicoConsultaTest#deveObterVersaoComoFoiSetado,
com.fincatto.documentofiscal.nfe400.classes.nota.NFNotaInfoTransporteTest#devePermitirBalsaNulo,
com.fincatto.documentofiscal.nfe400.classes.statusservico.consulta.NFStatusServicoConsultaTest#deveObterAmbienteComoFoiSetado,
com.fincatto.documentofiscal.nfe400.classes.NFNotaInfoItemProdutoVeiculoRestricaoTest#deveRepresentarOCodigoCorretamente,
com.fincatto.documentofiscal.nfe400.classes.nota.NFNotaInfoTransporteTest#devePermitirTransportadorNulo,
com.fincatto.documentofiscal.nfe400.classes.nota.NFNotaInfoItemProdutoDetalhamentoTest#deveGerarXMLDeAcordoComOPadraoEstabelecido,
com.fincatto.documentofiscal.nfe400.classes.inutilizacao.NFEventoCancelamentoDadosTest#naoDevePermitirSerieInvalido,
com.fincatto.documentofiscal.nfe400.classes.inutilizacao.NFEventoCancelamentoDadosTest#devePermitirAmbosModelosDeNFe,
com.fincatto.documentofiscal.nfe400.classes.nota.NFNotaInfoTransporteTest#devePermitirVagaoNulo,
com.fincatto.documentofiscal.nfe400.classes.inutilizacao.NFEventoCancelamentoDadosTest#naoDevePermitirNumeroNFFinalInvalido,
com.fincatto.documentofiscal.nfe400.classes.inutilizacao.NFEventoCancelamentoDadosTest#naoDevePermitirModeloInvalido,
com.fincatto.documentofiscal.nfe400.classes.nota.NFNotaInfoFormaPagamentoTest#devePermitirCartaoNulo,
com.fincatto.documentofiscal.nfe400.classes.inutilizacao.NFEventoCancelamentoDadosTest#naoDevePermitirCNPJInvalido,
com.fincatto.documentofiscal.nfe400.classes.nota.NFNotaInfoFormaPagamentoTest#naoDevePermitirValorPagamentoNulo,
com.fincatto.documentofiscal.nfe400.classes.inutilizacao.NFEventoCancelamentoDadosTest#naoDevePermitirAnoDiferenteDeDuasCasas,
com.fincatto.documentofiscal.nfe400.classes.inutilizacao.NFEventoCancelamentoDadosTest#naoDevePermitirServicoInvalido,
com.fincatto.documentofiscal.nfe400.classes.nota.NFNotaInfoFormaPagamentoTest#deveGerarXMLDeAcordoComOPadraoEstabelecido,
com.fincatto.documentofiscal.nfe400.classes.nota.NFNotaInfoFormaPagamentoTest#naoDevePermitirFormaPagamentoMoedaNulo,
com.fincatto.documentofiscal.nfe400.classes.nota.NFNotaInfoFormaPagamentoTest#devePermitirIndicadordePagamentoNulo,
com.fincatto.documentofiscal.nfe400.classes.inutilizacao.NFEventoCancelamentoDadosTest#naoDevePermitirNumeroNFInicialInvalido,
com.fincatto.documentofiscal.nfe400.classes.statusservico.consulta.NFStatusServicoConsultaRetornoTest#deveGerarXmlCorretamente,
com.fincatto.documentofiscal.nfe400.classes.inutilizacao.NFEventoCancelamentoDadosTest#naoDevePermitirIDInvalido,
com.fincatto.documentofiscal.nfe400.classes.statusservico.consulta.NFStatusServicoConsultaTest#deveGerarXmlCorretamente,
com.fincatto.documentofiscal.nfe400.classes.inutilizacao.NFRetornoEventoInutilizacaoDadosTest#deveObterNumeroNFInicialComoFoiSetado,
com.fincatto.documentofiscal.nfe400.classes.inutilizacao.NFEventoCancelamentoDadosTest#naoDevePermitirJustificativaInvalido,
com.fincatto.documentofiscal.nfe400.classes.inutilizacao.NFRetornoEventoInutilizacaoDadosTest#deveObterNumeroNFFinalComoFoiSetado,
com.fincatto.documentofiscal.nfe400.classes.inutilizacao.NFRetornoEventoInutilizacaoDadosTest#deveObterStatusComoFoiSetado,
com.fincatto.documentofiscal.nfe400.classes.inutilizacao.NFRetornoEventoInutilizacaoDadosTest#deveObterVersaoAplicacaoComoFoiSetado,
com.fincatto.documentofiscal.nfe400.classes.inutilizacao.NFRetornoEventoInutilizacaoDadosTest#deveObterUnidadeFederativaComoFoiSetado,
com.fincatto.documentofiscal.nfe400.classes.inutilizacao.NFRetornoEventoInutilizacaoDadosTest#deveObterModeloNotaFiscalComoFoiSetado,
com.fincatto.documentofiscal.nfe400.classes.inutilizacao.NFEventoCancelamentoDadosTest#naoDevePermitirSerieNulo,
com.fincatto.documentofiscal.nfe400.classes.inutilizacao.NFEventoCancelamentoDadosTest#naoDevePermitirAmbienteNulo,
com.fincatto.documentofiscal.nfe400.classes.inutilizacao.NFRetornoEventoInutilizacaoDadosTest#deveObterDataHoraRecebimentoComoFoiSetado,
com.fincatto.documentofiscal.nfe400.classes.inutilizacao.NFRetornoEventoInutilizacaoDadosTest#deveObterCnpjComoFoiSetado,
com.fincatto.documentofiscal.nfe400.classes.inutilizacao.NFRetornoEventoInutilizacaoDadosTest#deveObterAnoComoFoiSetado,
com.fincatto.documentofiscal.nfe400.classes.inutilizacao.NFRetornoEventoInutilizacaoDadosTest#deveObterAmbienteComoFoiSetado,
com.fincatto.documentofiscal.nfe400.classes.inutilizacao.NFRetornoEventoInutilizacaoDadosTest#deveObterMotivoComoFoiSetado,
com.fincatto.documentofiscal.nfe400.classes.inutilizacao.NFEventoCancelamentoDadosTest#naoDevePermitirNumeroNotaFinalNulo,
com.fincatto.documentofiscal.nfe400.classes.inutilizacao.NFRetornoEventoInutilizacaoDadosTest#deveObterNumeroProtocoloComoFoiSetado,
com.fincatto.documentofiscal.nfe400.classes.inutilizacao.NFRetornoEventoInutilizacaoDadosTest#deveObterIdentificadorComoFoiSetado,
com.fincatto.documentofiscal.nfe400.classes.inutilizacao.NFRetornoEventoInutilizacaoDadosTest#deveObterSerieComoFoiSetado,
com.fincatto.documentofiscal.nfe400.classes.cartacorrecao.NFEnviaEventoTest#naoDevePermitirIdLoteComTamanhoInvalido,
com.fincatto.documentofiscal.nfe400.classes.inutilizacao.NFEventoCancelamentoDadosTest#naoDevePermitirCNPJNulo,
com.fincatto.documentofiscal.nfe400.classes.inutilizacao.NFEventoCancelamentoDadosTest#deveGerarXMLDeAcordoComOPadraoEstabelecido,
com.fincatto.documentofiscal.nfe400.classes.inutilizacao.NFEventoCancelamentoDadosTest#naoDevePermitirAnoNulo,
com.fincatto.documentofiscal.nfe400.classes.inutilizacao.NFEventoCancelamentoDadosTest#naoDevePermitirNumeroNotaInicialNulo,
com.fincatto.documentofiscal.nfe400.classes.cartacorrecao.NFInfoEventoCartaCorrecaoTest#naoDevePermitirCNPJComTamanhoInvalido,
com.fincatto.documentofiscal.nfe400.classes.inutilizacao.NFEventoCancelamentoDadosTest#naoDevePermitirServicoNulo,
com.fincatto.documentofiscal.nfe400.classes.inutilizacao.NFEventoCancelamentoDadosTest#naoDevePermitirModeloNulo,
com.fincatto.documentofiscal.nfe400.classes.inutilizacao.NFEventoCancelamentoDadosTest#naoDevePermitirUFNulo,
com.fincatto.documentofiscal.nfe400.classes.cartacorrecao.NFInfoEventoCartaCorrecaoTest#naoDevePermitirCPFComTamanhoInvalido,
com.fincatto.documentofiscal.nfe400.classes.inutilizacao.NFEventoCancelamentoDadosTest#naoDevePermitirIdentificadorNulo,
com.fincatto.documentofiscal.nfe400.classes.inutilizacao.NFEventoCancelamentoDadosTest#naoDevePermitirJustificativaNulo,
com.fincatto.documentofiscal.nfe400.classes.inutilizacao.NFEnviaEventoInutilizacaoTest#naoDevePermitirVersaoNulo,
com.fincatto.documentofiscal.nfe400.classes.inutilizacao.NFEnviaEventoInutilizacaoTest#deveGerarXMLDeAcordoComOPadraoEstabelecido,
com.fincatto.documentofiscal.nfe400.classes.cartacorrecao.NFProtocoloEventoCartaCorrecaoTest#deveObterVersaoComoFoiSetado,
com.fincatto.documentofiscal.nfe400.classes.NFRetornoStatusTest#valueOfCodigoNaoMapeadoTest,
com.fincatto.documentofiscal.nfe400.classes.cartacorrecao.NFEnviaEventoTest#naoDevePermitirEventoNulo,
com.fincatto.documentofiscal.nfe400.classes.NFRetornoStatusTest#valueOfCodigoStringTest,
com.fincatto.documentofiscal.nfe400.classes.NFRetornoStatusTest#isJaInutilizadoTest,
com.fincatto.documentofiscal.nfe400.classes.NFRetornoStatusTest#isDenegadoTest,
com.fincatto.documentofiscal.nfe400.classes.cartacorrecao.NFProtocoloEventoCartaCorrecaoTest#deveObterEventoRetornoComoFoiSetado,
com.fincatto.documentofiscal.nfe400.classes.cartacorrecao.NFEnviaEventoTest#deveGerarXMLDeAcordoComOPadraoEstabelecido,
com.fincatto.documentofiscal.nfe400.classes.NFRetornoStatusTest#isRejeitadoTest,
com.fincatto.documentofiscal.nfe400.classes.NFRetornoStatusTest#isDuplicadoTest,
com.fincatto.documentofiscal.nfe400.classes.cartacorrecao.NFEnviaEventoTest#naoDevePermitirIdLoteNulo,
com.fincatto.documentofiscal.nfe400.classes.NFRetornoStatusTest#valueOfCodigoIntegerTest,
com.fincatto.documentofiscal.nfe400.classes.NFRetornoStatusTest#isAutorizadoTest,
com.fincatto.documentofiscal.nfe400.classes.cartacorrecao.NFProtocoloEventoCartaCorrecaoTest#deveObterEventoComoFoiSetado,
com.fincatto.documentofiscal.nfe400.classes.lote.envio.NFLoteEnvioTest#naoDevePermitirNotasComTamanhoInvalido,
com.fincatto.documentofiscal.nfe400.classes.cartacorrecao.NFEventoCartaCorrecaoTest#naoDevePermitirInfoEventoNulo,
com.fincatto.documentofiscal.nfe400.classes.lote.envio.NFLoteEnvioTest#naoDevePermitirLetrasNoIdLote,
com.fincatto.documentofiscal.nfe400.classes.lote.envio.NFLoteEnvioTest#devePermitirNotasComTamanho50,
com.fincatto.documentofiscal.nfe400.classes.cartacorrecao.NFEventoCartaCorrecaoTest#deveGerarXMLDeAcordoComOPadraoEstabelecido,
com.fincatto.documentofiscal.nfe400.classes.cartacorrecao.NFEventoCartaCorrecaoTest#naoDevePermitirVersaoNulo,
com.fincatto.documentofiscal.nfe400.classes.cartacorrecao.NFEnviaEventoTest#naoDevePermitirVersaoNulo,
com.fincatto.documentofiscal.nfe400.classes.cartacorrecao.NFInfoEventoCartaCorrecaoTest#devePermitirCnpjNulo,
com.fincatto.documentofiscal.nfe400.classes.cartacorrecao.NFInfoEventoCartaCorrecaoTest#naoDevePermitirAmbienteNulo,
com.fincatto.documentofiscal.nfe400.classes.cartacorrecao.NFInfoEventoCartaCorrecaoTest#naoDevePermitirVersaoEventoNulo,
com.fincatto.documentofiscal.nfe400.classes.cartacorrecao.NFInfoEventoCartaCorrecaoTest#naoDevePermitirCartaCorrecaoNulo,
com.fincatto.documentofiscal.nfe400.classes.cartacorrecao.NFInfoEventoCartaCorrecaoTest#naoDevePermitirTipoEventoNulo,
com.fincatto.documentofiscal.nfe400.classes.cartacorrecao.NFInfoEventoCartaCorrecaoTest#naoDevePermitirNumeroSequencialEventoNulo,
com.fincatto.documentofiscal.nfe400.classes.cartacorrecao.NFInfoEventoCartaCorrecaoTest#naoDevePermitirOrgaoNulo,
com.fincatto.documentofiscal.nfe400.classes.lote.envio.NFLoteIndicadorProcessamentoTest#deveRetornarNuloCasoNaoExistaEnumComOCodigo,
com.fincatto.documentofiscal.nfe400.classes.lote.envio.NFLoteEnvioTest#naoDevePermitirIdLoteComTamanhoInvalido,
com.fincatto.documentofiscal.nfe400.classes.lote.envio.NFLoteIndicadorProcessamentoTest#deveObterAtravesDoCodigo,
com.fincatto.documentofiscal.nfe400.classes.cartacorrecao.NFInfoEventoCartaCorrecaoTest#deveGerarXMLDeAcordoComOPadraoEstabelecido,
com.fincatto.documentofiscal.nfe400.classes.lote.envio.NFLoteIndicadorProcessamentoTest#deveObterStringficadoCorretamente,
com.fincatto.documentofiscal.nfe400.classes.cartacorrecao.NFInfoEventoCartaCorrecaoTest#naoDevePermitirChaveNulo,
com.fincatto.documentofiscal.nfe400.classes.lote.consulta.NFLoteConsultaRetornoTest#deveGerarAmbienteHomologacao,
com.fincatto.documentofiscal.nfe400.classes.cartacorrecao.NFProtocoloEventoCartaCorrecaoTest#deveGerarXMLDeAcordoComOPadraoEstabelecido,
com.fincatto.documentofiscal.nfe400.classes.lote.envio.NFLoteIndicadorProcessamentoTest#deveRepresentarOCodigoCorretamente,
com.fincatto.documentofiscal.nfe400.classes.cartacorrecao.NFInfoEventoCartaCorrecaoTest#naoDevePermitirDataHoraEventoNulo,
com.fincatto.documentofiscal.nfe400.classes.lote.consulta.NFLoteConsultaTest#deveGerarAmbienteHomologacao,
com.fincatto.documentofiscal.nfe400.classes.cartacorrecao.NFInfoEventoCartaCorrecaoTest#naoDevePermitirIdNulo,
com.fincatto.documentofiscal.nfe400.classes.lote.envio.NFLoteEnvioRetornoRecebimentoInfoTest#deveGerarXMLDeAcordoComOPadraoEstabelecido,
com.fincatto.documentofiscal.nfe400.classes.lote.consulta.NFLoteConsultaTest#deveGerarComVersao400,
com.fincatto.documentofiscal.nfe400.classes.lote.envio.NFLoteEnvioTest#naoDevePermitirIndicadorProcessamentoNulo,
com.fincatto.documentofiscal.nfe400.classes.cadastro.NFIndicadorContribuinteNFeTest#deveLancarExcecaoCasoNaoEncontreCodigo,
com.fincatto.documentofiscal.nfe400.classes.lote.consulta.NFLoteConsultaTest#deveGerarComRecibo,
com.fincatto.documentofiscal.nfe400.classes.lote.envio.NFLoteEnvioRetornoTest#deveGerarXMLDeAcordoComOPadraoEstabelecido,
com.fincatto.documentofiscal.nfe400.classes.cadastro.NFIndicadorContribuinteCTeTest#deveLancarExcecaoCasoNaoEncontreCodigo,
com.fincatto.documentofiscal.nfe400.classes.cadastro.NFIndicadorContribuinteCTeTest#deveRepresentarOCodigoCorretamente,
com.fincatto.documentofiscal.nfe400.classes.cadastro.NFIndicadorContribuinteNFeTest#deveRepresentarOCodigoCorretamente,
com.fincatto.documentofiscal.nfe400.classes.cadastro.NFRetornoConsultaCadastroDadosTest#deveObterUFAutorizadoraComoFoiSetado,
com.fincatto.documentofiscal.nfe400.classes.cadastro.NFRetornoConsultaCadastroDadosTest#deveObterUFComoFoiSetado,
com.fincatto.documentofiscal.nfe400.classes.cadastro.NFRetornoConsultaCadastroDadosTest#deveObterCpfComoFoiSetado,
com.fincatto.documentofiscal.nfe400.classes.cadastro.NFRetornoConsultaCadastroDadosTest#deveObterIEComoFoiSetado,
com.fincatto.documentofiscal.nfe400.classes.cadastro.NFRetornoConsultaCadastroDadosTest#deveObterSituacaoCadastralComoFoiSetado,
com.fincatto.documentofiscal.nfe400.classes.cadastro.NFRetornoConsultaCadastroDadosTest#deveObterDataHoraProcessamentoComoFoiSetado,
com.fincatto.documentofiscal.nfe400.classes.cadastro.NFInfoConsultaCadastroTest#naoDevePermitirUfNulo,
com.fincatto.documentofiscal.nfe400.classes.cadastro.NFRetornoConsultaCadastroDadosTest#deveObterStatusRespostaComoFoiSetado,
com.fincatto.documentofiscal.nfe400.classes.cadastro.NFRetornoConsultaCadastroDadosTest#deveObterVersaoAplicacaoComoFoiSetado,
com.fincatto.documentofiscal.nfe400.classes.cadastro.NFInfoConsultaCadastroTest#naoDevePermitirCNPJSetadoQuandoCPFEstaSetado,
com.fincatto.documentofiscal.nfe400.classes.cadastro.NFRetornoConsultaCadastroDadosTest#deveObterCnpjComoFoiSetado,
com.fincatto.documentofiscal.nfe400.classes.cadastro.NFInfoConsultaCadastroTest#deveObterOqueCpfFoiSetado,
com.fincatto.documentofiscal.nfe400.classes.cadastro.NFRetornoConsultaCadastroDadosTest#deveObterMotivoComoFoiSetado,
com.fincatto.documentofiscal.nfe400.classes.cadastro.NFInfoConsultaCadastroTest#deveObterOqueCnpjFoiSetado,
com.fincatto.documentofiscal.nfe400.classes.lote.envio.NFLoteEnvioTest#deveGerarXMLDeAcordoComOPadraoEstabelecido,
com.fincatto.documentofiscal.nfe400.classes.cadastro.NFInfoConsultaCadastroTest#deveObterOqueUFFoiSetado,
com.fincatto.documentofiscal.nfe400.classes.cadastro.NFInfoConsultaCadastroTest#deveObterOqueIEFoiSetado,
com.fincatto.documentofiscal.nfe400.classes.cadastro.NFInfoConsultaCadastroTest#deveObterOqueServicoFoiSetado,
com.fincatto.documentofiscal.nfe400.classes.cadastro.NFInfoConsultaCadastroTest#naoDevePermitirCPFSetadoQuandoCNPJEstaSetado,
com.fincatto.documentofiscal.nfe400.classes.lote.envio.NFLoteEnvioTest#naoDevePermitirNotasNulo,
com.fincatto.documentofiscal.nfe400.classes.lote.envio.NFLoteEnvioTest#naoDevePermitirVersaoNulo,
com.fincatto.documentofiscal.nfe400.classes.lote.envio.NFLoteEnvioTest#naoDevePermitirIdLoteNulo,
com.fincatto.documentofiscal.nfe400.classes.lote.consulta.NFLoteConsultaRetornoTest#deveGerarXMLDeAcordoComOPadraoEstabelecido,
com.fincatto.documentofiscal.nfe400.classes.cadastro.NFRetornoConsultaCadastroEnderecoTest#deveObterCodigoMunicipioFoiSetado,
com.fincatto.documentofiscal.nfe400.classes.cadastro.NFRetornoConsultaCadastroEnderecoTest#deveObterLogradouroComoFoiSetado,
com.fincatto.documentofiscal.nfe400.classes.cadastro.NFRetornoConsultaCadastroEnderecoTest#deveObterNumeroComoFoiSetado,
com.fincatto.documentofiscal.nfe400.classes.lote.envio.NFLoteEnvioRetornoDadosTest#deveGerarXMLDeAcordoComOPadraoEstabelecido,
com.fincatto.documentofiscal.nfe400.classes.cadastro.NFRetornoConsultaCadastroEnderecoTest#deveObterCepComoFoiSetado,
com.fincatto.documentofiscal.nfe400.classes.cadastro.NFRetornoConsultaCadastroEnderecoTest#deveObterBairroComoFoiSetado,
com.fincatto.documentofiscal.nfe400.classes.cadastro.NFRetornoConsultaCadastroEnderecoTest#deveObterComplementoComoFoiSetado,
com.fincatto.documentofiscal.nfe400.classes.cadastro.NFRetornoConsultaCadastroEnderecoTest#deveObterConsultaCadastroComoFoiSetado,
com.fincatto.documentofiscal.nfe400.classes.cadastro.NFRetornoConsultaCadastroSituacaoCadastralTest#deveObterCnaePrincipalContribuinteComoFoiSetado,
com.fincatto.documentofiscal.nfe400.classes.cadastro.NFRetornoConsultaCadastroSituacaoCadastralTest#deveObterCpfComoFoiSetado,
com.fincatto.documentofiscal.nfe400.classes.cadastro.NFInfoConsultaCadastroTest#naoDevePermitirServicoNulo,
com.fincatto.documentofiscal.nfe400.classes.cadastro.NFRetornoConsultaCadastroSituacaoCadastralTest#deveObterDataInicioAtividadeComHoraComoFoiSetado,
com.fincatto.documentofiscal.nfe400.classes.cadastro.NFRetornoConsultaCadastroSituacaoCadastralTest#deveObterIEComoFoiSetado,
com.fincatto.documentofiscal.nfe400.classes.lote.consulta.NFLoteConsultaTest#deveGerarXMLDeAcordoComOPadraoEstabelecido,
com.fincatto.documentofiscal.nfe400.classes.cadastro.NFRetornoConsultaCadastroSituacaoCadastralTest#deveObterUFComoFoiSetado,
com.fincatto.documentofiscal.nfe400.classes.cadastro.NFRetornoConsultaCadastroSituacaoCadastralTest#deveObterRegimeApuracaoICMSContribuinteComoFoiSetado,
com.fincatto.documentofiscal.nfe400.classes.cadastro.NFRetornoConsultaCadastroSituacaoCadastralTest#deveObterDataInicioAtividadeComoFoiSetado,
com.fincatto.documentofiscal.nfe400.classes.cadastro.NFRetornoConsultaCadastroSituacaoCadastralTest#deveObterIEUnicaComoFoiSetado,
com.fincatto.documentofiscal.nfe400.classes.cadastro.NFRetornoConsultaCadastroSituacaoCadastralTest#deveObterEnderecoComoFoiSetado,
com.fincatto.documentofiscal.nfe400.classes.cadastro.NFInfoConsultaCadastroTest#devePermitirCnpjNulo,
com.fincatto.documentofiscal.nfe400.classes.cadastro.NFRetornoConsultaCadastroSituacaoCadastralTest#deveObterIndicadorContribuinteComoFoiSetado,
com.fincatto.documentofiscal.nfe400.classes.cadastro.NFRetornoConsultaCadastroSituacaoCadastralTest#deveObterIndicaodrContribuinteCTeComoFoiSetado,
com.fincatto.documentofiscal.nfe400.classes.cadastro.NFRetornoConsultaCadastroSituacaoCadastralTest#deveObterCnpjComoFoiSetado,
com.fincatto.documentofiscal.nfe400.classes.cadastro.NFRetornoConsultaCadastroSituacaoCadastralTest#deveObterNomeFantasiaComoFoiSetado,
com.fincatto.documentofiscal.nfe400.classes.cadastro.NFRetornoConsultaCadastroSituacaoCadastralTest#deveObterRazaoSocialComoFoiSetado,
com.fincatto.documentofiscal.nfe400.classes.cadastro.NFRetornoConsultaCadastroSituacaoCadastralTest#deveObterIEAtualComoFoiSetado,
com.fincatto.documentofiscal.nfe400.classes.cadastro.NFRetornoConsultaCadastroSituacaoCadastralTest#deveObterDataUltimaModificacaoComoFoiSetado,
com.fincatto.documentofiscal.nfe400.classes.cadastro.NFRetornoConsultaCadastroSituacaoCadastralTest#deveObterSituacaoContribuinteComoFoiSetado,
com.fincatto.documentofiscal.nfe400.classes.cadastro.NFConsultaCadastroTest#deveObterOMesmoValorSetadoParaConsultaCadastro,
com.fincatto.documentofiscal.nfe400.classes.cadastro.NFInfoConsultaCadastroTest#devePermitirCpfNulo,
com.fincatto.documentofiscal.nfe400.classes.cadastro.NFRetornoConsultaCadastroSituacaoCadastralTest#deveObterDataOcorrenciaBaixaComoFoiSetado,
com.fincatto.documentofiscal.nfe400.classes.cadastro.NFConsultaCadastroTest#deveObterOMesmoValorSetadoParaVersao,
com.fincatto.documentofiscal.nfe400.classes.cadastro.NFRetornoConsultaCadastroTest#deveObterVersaoComoFoiSetado,
com.fincatto.documentofiscal.nfe400.classes.cadastro.NFSituacaoContribuinteTest#deveRepresentarOCodigoCorretamente,
com.fincatto.documentofiscal.nfe400.classes.cadastro.NFRetornoConsultaCadastroTest#deveObterDadosComoFoiSetado,
com.fincatto.documentofiscal.nfe400.classes.evento.cancelamento.NFRetornoInfoCancelamentoTest#deveObterChaveComoFoiSetado,
com.fincatto.documentofiscal.nfe400.classes.cadastro.NFSituacaoContribuinteTest#deveLancarExcecaoCasoRecebaParametroNaoMapeado,
com.fincatto.documentofiscal.nfe400.classes.evento.cancelamento.NFRetornoInfoCancelamentoTest#deveObterCodigoStatusComoFoiSetado,
com.fincatto.documentofiscal.nfe400.classes.evento.cancelamento.NFRetornoInfoCancelamentoTest#deveObterUfComoFoiSetado,
com.fincatto.documentofiscal.nfe400.classes.evento.cancelamento.NFRetornoInfoCancelamentoTest#deveObterVersaoAplicacaoComoFoiSetado,
com.fincatto.documentofiscal.nfe400.classes.evento.cancelamento.NFRetornoInfoCancelamentoTest#deveObterDataHoraRecebimentoComoFoiSetado,
com.fincatto.documentofiscal.nfe400.classes.evento.cancelamento.NFRetornoInfoCancelamentoTest#deveObterIdentificadorComoFoiSetado,
com.fincatto.documentofiscal.nfe400.classes.evento.cancelamento.NFRetornoInfoCancelamentoTest#deveObterNumeroProtocoloComoFoiSetado,
com.fincatto.documentofiscal.nfe400.classes.evento.cancelamento.NFRetornoInfoCancelamentoTest#deveObterMotivoComoFoiSetado,
com.fincatto.documentofiscal.nfe400.classes.evento.cancelamento.NFRetornoInfoCancelamentoTest#deveObterAssinaturaComoFoiSetado,
com.fincatto.documentofiscal.nfe400.classes.evento.cancelamento.NFRetornoInfoCancelamentoTest#deveObterAmbienteComoFoiSetado,
com.fincatto.documentofiscal.nfe400.classes.evento.cancelamento.NFProtocoloEventoCancelamentoTest#deveObterVersaoComoFoiSetado,
com.fincatto.documentofiscal.nfe400.classes.evento.cancelamento.NFProtocoloEventoCancelamentoTest#deveObterEventoRetornoComoFoiSetado,
com.fincatto.documentofiscal.nfe400.classes.evento.cancelamento.NFInfoEventoCancelamentoTest#deveObterNumeroSequencialEventoComoFoiSetado,
com.fincatto.documentofiscal.nfe400.classes.evento.cancelamento.NFInfoEventoCancelamentoTest#deveObterOrgaoComoFoiSetado,
com.fincatto.documentofiscal.nfe400.classes.evento.cancelamento.NFInfoEventoCancelamentoTest#deveObterCnpjComoFoiSetado,
com.fincatto.documentofiscal.nfe400.classes.evento.cancelamento.NFInfoEventoCancelamentoTest#deveObterChaveComoFoiSetado,
com.fincatto.documentofiscal.nfe400.classes.cadastro.NFConsultaCadastroTest#naoDevePermitirInfoConsultaCadastroNulo,
com.fincatto.documentofiscal.nfe400.classes.evento.cancelamento.NFInfoEventoCancelamentoTest#deveObterIdComoFoiSetado,
com.fincatto.documentofiscal.nfe400.classes.evento.cancelamento.NFInfoEventoCancelamentoTest#deveObterDataHoraEventoComoFoiSetado,
com.fincatto.documentofiscal.nfe400.classes.evento.cancelamento.NFProtocoloEventoCancelamentoTest#deveObterEventoComoFoiSetado,
com.fincatto.documentofiscal.nfe400.classes.evento.cancelamento.NFInfoEventoCancelamentoTest#deveObterInfoCancelamentoComoFoiSetado,
com.fincatto.documentofiscal.nfe400.classes.evento.cancelamento.NFInfoEventoCancelamentoTest#deveObterVersaoEventoComoFoiSetado,
com.fincatto.documentofiscal.nfe400.classes.evento.cancelamento.NFInfoEventoCancelamentoTest#deveObterAmbienteComoFoiSetado,
com.fincatto.documentofiscal.nfe400.classes.evento.cancelamento.NFInfoEventoCancelamentoTest#deveObterCodigoEventoComoFoiSetado,
com.fincatto.documentofiscal.nfe400.classes.evento.cancelamento.NFRetornoCancelamentoTest#deveObterVersaoComoFoiSetado,
com.fincatto.documentofiscal.nfe400.classes.evento.cancelamento.NFRetornoCancelamentoTest#deveObterInfoCancelamentoComoFoiSetado,
com.fincatto.documentofiscal.nfe400.classes.cadastro.NFConsultaCadastroTest#naoDevePermitirVersaoNulo,
com.fincatto.documentofiscal.nfe400.classes.evento.cancelamento.NFEnviaEventoCancelamentoTest#deveObterEventosComoFoiSetado,
com.fincatto.documentofiscal.nfe400.classes.evento.cancelamento.NFEnviaEventoCancelamentoTest#naoDevePermitirIdLoteInvalidoComLetra,
com.fincatto.documentofiscal.nfe400.classes.evento.cancelamento.NFEnviaEventoCancelamentoTest#deveObterIdLoteComoFoiSetado,
com.fincatto.documentofiscal.nfe400.classes.evento.cancelamento.NFEnviaEventoCancelamentoTest#naoDevePermitirIdLoteInvalidoComTamanhoExtrapolado,
com.fincatto.documentofiscal.nfe400.classes.evento.cancelamento.NFEnviaEventoCancelamentoTest#naoDevePermitirTamanhoInvalidoDeEventos,
com.fincatto.documentofiscal.nfe400.classes.evento.cancelamento.NFInfoCancelamentoTest#deveObterJustificativaComoFoiSetado,
com.fincatto.documentofiscal.nfe400.classes.evento.cancelamento.NFInfoCancelamentoTest#naoDevePermitirProtocoloAutorizacaoComTamanhoExtrapolado,
com.fincatto.documentofiscal.nfe400.classes.evento.cancelamento.NFInfoCancelamentoTest#naoDevePermitirSetarTextoCorrecao,
com.fincatto.documentofiscal.nfe400.classes.evento.cancelamento.NFEnviaEventoCancelamentoTest#deveObterVersaoStringComoFoiSetado,
com.fincatto.documentofiscal.nfe400.classes.evento.cancelamento.NFInfoCancelamentoTest#naoDevePermitirSetarCondicaoDeUso,
com.fincatto.documentofiscal.nfe400.classes.evento.cancelamento.NFEnviaEventoCancelamentoTest#naoDevePermitirIdLoteInvalidoVazio,
com.fincatto.documentofiscal.nfe400.classes.evento.cancelamento.NFInfoCancelamentoTest#naoDevePermitirProtocoloAutorizacaoVazio,
com.fincatto.documentofiscal.nfe400.classes.evento.cancelamento.NFEnviaEventoRetornoCancelamentoTest#deveReceberIdLoteVazio,
com.fincatto.documentofiscal.nfe400.classes.evento.cancelamento.NFInfoCancelamentoTest#deveObterProtocoloAutorizacaoComoFoiSetado,
com.fincatto.documentofiscal.nfe400.classes.evento.cancelamento.NFInfoCancelamentoTest#naoDevePermitirProtocoloAutorizacaoComLetras,
com.fincatto.documentofiscal.nfe400.classes.evento.cancelamento.NFEventoCancelamentoTest#deveObterVersaoComoFoiSetado,
com.fincatto.documentofiscal.nfe400.classes.evento.NFEventoRetornoTest#deveObterVersaoComoFoiSetado,
com.fincatto.documentofiscal.nfe400.classes.evento.cancelamento.NFEventoCancelamentoTest#deveObterAssinaturaComoFoiSetado,
com.fincatto.documentofiscal.nfe400.classes.evento.NFEventoRetornoTest#deveObterAssinaturaComoFoiSetado,
com.fincatto.documentofiscal.nfe400.classes.evento.NFEventoRetornoTest#deveObterInfoEventoRetornoComoFoiSetado,
com.fincatto.documentofiscal.nfe400.classes.evento.cancelamento.NFProtocoloEventoCancelamentoTest#deveGerarXMLDeAcordoComOPadraoEstabelecido,
com.fincatto.documentofiscal.nfe400.classes.evento.cancelamento.NFInfoEventoCancelamentoTest#deveGerarXMLDeAcordoComOPadraoEstabelecido,
com.fincatto.documentofiscal.nfe400.classes.evento.cancelamento.NFEnviaEventoCancelamentoTest#naoDevePermitirLoteNulo,
com.fincatto.documentofiscal.nfe400.classes.NFOrigemTest#deveRetornarStringficadoCorretamente,
com.fincatto.documentofiscal.nfe400.classes.evento.manifestacaodestinatario.NFEventoManifestacaoTest#deveObterVersaoComoFoiSetado,
com.fincatto.documentofiscal.nfe400.classes.evento.manifestacaodestinatario.NFTipoEventoManifestacaoDestinatarioTest#deveObterTipoEventoManifestacaoDestinatarioApartirDoSeuCodigo,
com.fincatto.documentofiscal.nfe400.classes.evento.manifestacaodestinatario.NFTipoEventoManifestacaoDestinatarioTest#deveRetornarNuloCasoNaoExistaCodigo,
com.fincatto.documentofiscal.nfe400.classes.evento.manifestacaodestinatario.NFTipoEventoManifestacaoDestinatarioTest#deveObterStringficadoCorretamente,
com.fincatto.documentofiscal.nfe400.classes.evento.manifestacaodestinatario.NFEventoManifestacaoTest#deveObterAssinaturaComoFoiSetado,
com.fincatto.documentofiscal.nfe400.classes.evento.manifestacaodestinatario.NFTipoEventoManifestacaoDestinatarioTest#deveRepresentarOCodigoCorretamente,
com.fincatto.documentofiscal.nfe400.classes.evento.cancelamento.NFEnviaEventoCancelamentoTest#naoDevePermitirEventosNulo,
com.fincatto.documentofiscal.nfe400.classes.evento.cancelamento.NFEnviaEventoCancelamentoTest#naoDevePermitirVersaoNulo,
com.fincatto.documentofiscal.nfe400.classes.evento.manifestacaodestinatario.NFEnviaEventoManifestacaoDestinatarioTest#naoDevePermitirIdLoteInvalidoComTamanhoExtrapolado,
com.fincatto.documentofiscal.nfe400.classes.evento.manifestacaodestinatario.NFEnviaEventoManifestacaoDestinatarioTest#naoDevePermitirIdLoteInvalidoComLetra,
com.fincatto.documentofiscal.nfe400.classes.evento.manifestacaodestinatario.NFEnviaEventoManifestacaoDestinatarioTest#deveObterEventosComoFoiSetado,
com.fincatto.documentofiscal.nfe400.classes.evento.manifestacaodestinatario.NFEnviaEventoManifestacaoDestinatarioTest#deveObterIdLoteComoFoiSetado,
com.fincatto.documentofiscal.nfe400.classes.evento.cancelamento.NFInfoCancelamentoTest#deveGerarXMLDeAcordoComOPadraoEstabelecido,
com.fincatto.documentofiscal.nfe400.classes.evento.cancelamento.NFEventoCancelamentoTest#naoDevePermitirVersaoNulo,
com.fincatto.documentofiscal.nfe400.classes.evento.cancelamento.NFEnviaEventoCancelamentoTest#deveGerarXMLDeAcordoComOPadraoEstabelecido,
com.fincatto.documentofiscal.nfe400.classes.evento.manifestacaodestinatario.NFEnviaEventoManifestacaoDestinatarioTest#naoDevePermitirTamanhoInvalidoDeEventos,
com.fincatto.documentofiscal.nfe400.classes.evento.manifestacaodestinatario.NFEnviaEventoManifestacaoDestinatarioTest#deveObterVersaoStringComoFoiSetado,
com.fincatto.documentofiscal.nfe400.classes.evento.cancelamento.NFEventoCancelamentoTest#deveObterInfoEventoCancelamentoComoFoiSetado,
com.fincatto.documentofiscal.nfe400.classes.evento.manifestacaodestinatario.NFEnviaEventoManifestacaoDestinatarioTest#naoDevePermitirIdLoteInvalidoVazio,
com.fincatto.documentofiscal.nfe400.classes.evento.cancelamento.NFEventoCancelamentoTest#naoDevePermitirInfoEventoNulo,
com.fincatto.documentofiscal.nfe400.classes.evento.cancelamento.NFEventoCancelamentoTest#devePermitirAssinaturaNula,
com.fincatto.documentofiscal.nfe400.classes.evento.manifestacaodestinatario.NFInfoEventoManifestacaoDestinatarioTest#deveObterChaveComoFoiSetado,
com.fincatto.documentofiscal.nfe400.classes.evento.manifestacaodestinatario.NFInfoEventoManifestacaoDestinatarioTest#deveObterIdComoFoiSetado,
com.fincatto.documentofiscal.nfe400.classes.evento.cancelamento.NFEventoCancelamentoTest#deveGerarXMLDeAcordoComOPadraoEstabelecido,
com.fincatto.documentofiscal.nfe400.classes.evento.manifestacaodestinatario.NFInfoEventoManifestacaoDestinatarioTest#deveObterDataHoraEventoComoFoiSetado,
com.fincatto.documentofiscal.nfe400.classes.evento.manifestacaodestinatario.NFInfoEventoManifestacaoDestinatarioTest#deveObterNumeroSequencialEventoComoFoiSetado,
com.fincatto.documentofiscal.nfe400.classes.evento.manifestacaodestinatario.NFInfoEventoManifestacaoDestinatarioTest#deveObterOrgaoComoFoiSetado,
com.fincatto.documentofiscal.nfe400.classes.evento.manifestacaodestinatario.NFInfoEventoManifestacaoDestinatarioTest#deveObterVersaoEventoComoFoiSetado,
com.fincatto.documentofiscal.nfe400.classes.evento.manifestacaodestinatario.NFInfoEventoManifestacaoDestinatarioTest#deveObterCnpjComoFoiSetado,
com.fincatto.documentofiscal.nfe400.classes.evento.manifestacaodestinatario.NFInfoManifestacaoDestinatarioTest#deveObterJustificativaComoFoiSetado,
com.fincatto.documentofiscal.nfe400.classes.evento.manifestacaodestinatario.NFInfoEventoManifestacaoDestinatarioTest#deveObterAmbienteComoFoiSetado,
com.fincatto.documentofiscal.nfe400.classes.evento.manifestacaodestinatario.NFInfoEventoManifestacaoDestinatarioTest#deveObterCodigoEventoComoFoiSetado,
com.fincatto.documentofiscal.nfe400.classes.evento.manifestacaodestinatario.NFInfoEventoManifestacaoDestinatarioTest#deveObterInfoCancelamentoComoFoiSetado,
com.fincatto.documentofiscal.nfe400.classes.evento.manifestacaodestinatario.NFInfoManifestacaoDestinatarioTest#naoDevePermitirSetarCondicaoDeUso,
com.fincatto.documentofiscal.nfe400.classes.evento.manifestacaodestinatario.NFEventoManifestacaoTest#deveObterInfoEventoManifestacaoDestinatarioComoFoiSetado,
com.fincatto.documentofiscal.nfe400.classes.evento.manifestacaodestinatario.NFEventoManifestacaoTest#naoDevePermitirInfoEventoNulo,
com.fincatto.documentofiscal.nfe400.classes.evento.NFInfoEventoRetornoTest#deveObterCodigoStatusComoFoiSetado,
com.fincatto.documentofiscal.nfe400.classes.evento.manifestacaodestinatario.NFInfoManifestacaoDestinatarioTest#naoDevePermitirSetarTextoCorrecao,
com.fincatto.documentofiscal.nfe400.classes.evento.NFInfoEventoRetornoTest#deveObterChaveComoFoiSetado,
com.fincatto.documentofiscal.nfe400.classes.evento.manifestacaodestinatario.NFEventoManifestacaoTest#naoDevePermitirVersaoNulo,
com.fincatto.documentofiscal.nfe400.classes.evento.NFInfoEventoRetornoTest#deveObterDataHoraRegistroComoFoiSetado,
com.fincatto.documentofiscal.nfe400.classes.evento.manifestacaodestinatario.NFEnviaEventoManifestacaoDestinatarioTest#naoDevePermitirLoteNulo,
com.fincatto.documentofiscal.nfe400.classes.evento.manifestacaodestinatario.NFEventoManifestacaoTest#deveGerarXMLDeAcordoComOPadraoEstabelecido,
com.fincatto.documentofiscal.nfe400.classes.evento.manifestacaodestinatario.NFEventoManifestacaoTest#devePermitirAssinaturaNula,
com.fincatto.documentofiscal.nfe400.classes.evento.manifestacaodestinatario.NFEnviaEventoManifestacaoDestinatarioTest#naoDevePermitirEventosNulo,
com.fincatto.documentofiscal.nfe400.classes.evento.manifestacaodestinatario.NFEnviaEventoManifestacaoDestinatarioTest#deveGerarXMLDeAcordoComOPadraoEstabelecido,
com.fincatto.documentofiscal.nfe400.classes.evento.NFInfoEventoRetornoTest#deveObterNumeroSequencialEventoComoFoiSetado,
com.fincatto.documentofiscal.nfe400.classes.evento.manifestacaodestinatario.NFEnviaEventoManifestacaoDestinatarioTest#naoDevePermitirVersaoNulo,
com.fincatto.documentofiscal.nfe400.classes.evento.NFInfoEventoRetornoTest#deveObterIdComoFoiSetado,
com.fincatto.documentofiscal.nfe400.classes.evento.NFInfoEventoRetornoTest#deveObterVersaoAplicacaoComoFoiSetado,
com.fincatto.documentofiscal.nfe400.classes.evento.NFInfoEventoRetornoTest#deveObterOrgaoComoFoiSetado,
com.fincatto.documentofiscal.nfe400.classes.evento.NFInfoEventoRetornoTest#deveObterDescricaoEventoComoFoiSetado,
com.fincatto.documentofiscal.nfe400.classes.evento.NFInfoEventoRetornoTest#deveObterTipoEventoComoFoiSetado,
com.fincatto.documentofiscal.nfe400.classes.evento.NFInfoEventoRetornoTest#deveObterNumeroProtocoloComoFoiSetado,
com.fincatto.documentofiscal.nfe400.classes.evento.NFInfoEventoRetornoTest#deveObterMotivoComoFoiSetado,
com.fincatto.documentofiscal.nfe400.classes.evento.NFInfoEventoRetornoTest#deveObterCPFComoFoiSetado,
com.fincatto.documentofiscal.nfe400.classes.evento.NFInfoEventoRetornoTest#deveObterAmbienteComoFoiSetado,
com.fincatto.documentofiscal.nfe400.classes.evento.NFInfoEventoRetornoTest#deveObterCNPJComoFoiSetado,
com.fincatto.documentofiscal.nfe400.classes.evento.NFEnviaEventoRetornoTest#deveObterOrgaoComoFoiSetado,
com.fincatto.documentofiscal.nfe400.classes.evento.NFInfoEventoRetornoTest#deveObterEmailComoFoiSetado,
com.fincatto.documentofiscal.nfe400.classes.evento.NFEnviaEventoRetornoTest#deveObterVersaoComoFoiSetado,
com.fincatto.documentofiscal.nfe400.classes.evento.NFEnviaEventoRetornoTest#deveObterCodigoStatusRepostaComoFoiSetado,
com.fincatto.documentofiscal.nfe400.classes.evento.NFEnviaEventoRetornoTest#deveObterAmbienteComoFoiSetado,
com.fincatto.documentofiscal.nfe400.classes.evento.NFEnviaEventoRetornoTest#deveObterMotivoComoFoiSetado,
com.fincatto.documentofiscal.nfe400.classes.evento.NFEnviaEventoRetornoTest#deveObterVersaoAplicativoComoFoiSetado,
com.fincatto.documentofiscal.nfe400.classes.evento.NFEnviaEventoRetornoTest#deveObterIdLoteComoFoiSetado,
com.fincatto.documentofiscal.nfe400.classes.NFOrigemTest#deveRepresentarOCodigoCorretamente,
com.fincatto.documentofiscal.nfe400.classes.evento.NFEnviaEventoRetornoTest#deveObterEventoRetornoComoFoiSetado,
com.fincatto.documentofiscal.nfe400.classes.evento.inutilizacao.NFRetornoEventoInutilizacaoTest#deveObterDadosComoFoiSetado,
com.fincatto.documentofiscal.nfe400.classes.evento.manifestacaodestinatario.NFInfoManifestacaoDestinatarioTest#deveGerarXMLDeAcordoComOPadraoEstabelecido,
com.fincatto.documentofiscal.nfe400.classes.NFNotaInfoSituacaoTributariaIPITest#deveRepresentarOCodigoCorretamente,
com.fincatto.documentofiscal.nfe400.classes.NFOrigemTest#deveObterPeloCodigoCorretamente,
com.fincatto.documentofiscal.nfe400.classes.evento.inutilizacao.NFRetornoEventoInutilizacaoTest#deveObterAssinaturaComoFoiSetado,
com.fincatto.documentofiscal.nfe400.classes.evento.manifestacaodestinatario.NFInfoEventoManifestacaoDestinatarioTest#deveGerarXMLDeAcordoComOPadraoEstabelecido,
com.fincatto.documentofiscal.nfe400.classes.NFNotaInfoItemModalidadeBCICMSTest#deveRepresentarOCodigoCorretamente,
com.fincatto.documentofiscal.nfe400.classes.NFNotaInfoSituacaoTributariaIPITest#deveObterSituacaoTributariaIPIApartirDoSeuCodigo,
com.fincatto.documentofiscal.nfe400.classes.NFNotaInfoItemProdutoVeiculoCondicaoChassiTest#deveRepresentarOCodigoCorretamente,
com.fincatto.documentofiscal.nfe400.classes.evento.inutilizacao.NFRetornoEventoInutilizacaoTest#deveObterVersaoComoFoiSetado,
com.fincatto.documentofiscal.nfe400.classes.NFNotaInfoItemProdutoVeiculoCondicaoTest#deveObterVeiculoCondicaoApartirDoSeuCodigo,
com.fincatto.documentofiscal.nfe400.classes.NFNotaInfoItemProdutoVeiculoCondicaoChassiTest#deveObterVeiculoCondicaoChassiApartirDoSeuCodigo,
com.fincatto.documentofiscal.nfe400.classes.NFNotaInfoEspecieVeiculoTest#deveRepresentarOCodigoCorretamente,
com.fincatto.documentofiscal.nfe400.classes.NFNotaInfoSituacaoTributariaPISTest#deveRepresentarOCodigoCorretamente,
com.fincatto.documentofiscal.nfe400.classes.NFNotaInfoItemProdutoVeiculoCondicaoTest#deveRepresentarOCodigoCorretamente,
com.fincatto.documentofiscal.nfe400.classes.NFTipoTest#deveRepresentarToStringCorretamente,
com.fincatto.documentofiscal.nfe400.classes.NFTipoTest#deveObterTipoApartirDoSeuCodigo,
com.fincatto.documentofiscal.nfe400.classes.NFTipoTest#deveRepresentarOCodigoCorretamente,
com.fincatto.documentofiscal.nfe400.classes.NFModalidadeFreteTest#deveObterTipoApartirDoSeuCodigo,
com.fincatto.documentofiscal.nfe400.classes.NFModalidadeFreteTest#deveRepresentarOCodigoCorretamente,
com.fincatto.documentofiscal.nfe400.classes.NFProdutoCompoeValorNotaTest#deveObterStringficadoCorretamente,
com.fincatto.documentofiscal.nfe400.classes.NFProdutoCompoeValorNotaTest#deveObterProdutoCampoValorNotaApartirDoSeuCodigo,
com.fincatto.documentofiscal.nfe400.classes.NFNotaSituacaoOperacionalSimplesNacionalTest#deveRepresentarOCodigoCorretamente,
com.fincatto.documentofiscal.nfe400.classes.NFNotaSituacaoOperacionalSimplesNacionalTest#deveObterSituacaoOperacionalSimplesNacionalApartirDoSeuCodigo,
com.fincatto.documentofiscal.nfe400.classes.NFProdutoCompoeValorNotaTest#deveRepresentarOCodigoCorretamente,
com.fincatto.documentofiscal.nfe400.classes.NFNotaInfoVeiculoCorTest#deveRepresentarOCodigoCorretamente,
com.fincatto.documentofiscal.nfe400.classes.NFProtocoloTest#deveObterProtocoloInfoComoFoiSetado,
com.fincatto.documentofiscal.nfe400.classes.NFNotaInfoTipoVeiculoTest#deveRepresentarOCodigoCorretamente,
com.fincatto.documentofiscal.nfe400.classes.NFProtocoloTest#deveObterVersaoComoFoiSetado,
com.fincatto.documentofiscal.nfe400.classes.NFOrigemProcessoTest#deveRetornarNuloAoPassarCodigoInvalido,
com.fincatto.documentofiscal.nfe400.classes.NFOrigemProcessoTest#deveRetornarOrigemProcessoAoPassarCodigoValido,
com.fincatto.documentofiscal.nfe400.classes.NFOrigemProcessoTest#deveRepresentarOCodigoCorretamente,
com.fincatto.documentofiscal.nfe400.classes.NFOrigemProcessoTest#deveRetornarStringficadoCorretamente,
com.fincatto.documentofiscal.nfe400.classes.NFRegimeTributarioTest#deveObterNuloCasoNaoExistaCodigo,
com.fincatto.documentofiscal.nfe400.classes.NFRegimeTributarioTest#deveObterPeloCodigoCorretamente,
com.fincatto.documentofiscal.nfe400.classes.NFRegimeTributarioTest#deveRetornarStringficadoCorretamente,
com.fincatto.documentofiscal.nfe400.classes.NFRegimeTributarioTest#deveRepresentarOCodigoCorretamente,
com.fincatto.documentofiscal.nfe400.classes.NFNotaInfoImpostoTributacaoISSQNTest#deveRepresentarOCodigoCorretamente,
com.fincatto.documentofiscal.nfe400.classes.NFTipoImpressaoTest#deveObterImpressaoApartirDoSeuCodigo,
com.fincatto.documentofiscal.nfe400.classes.NFTipoImpressaoTest#deveRepresentarToStringCorretamente,
com.fincatto.documentofiscal.nfe400.classes.NFNotaInfoItemProdutoArmamentoTipoTest#deveObterArmementoTipoDeAcordoComOCodigo,
com.fincatto.documentofiscal.nfe400.classes.NFTipoImpressaoTest#deveRepresentarOCodigoCorretamente,
com.fincatto.documentofiscal.nfe400.classes.NFNotaInfoSituacaoTributariaCOFINSTest#deveRepresentarOCodigoCorretamente,
com.fincatto.documentofiscal.nfe400.classes.NFNotaMotivoDesoneracaoICMSTest#deveObterMotivoDesoneracaoICMSApartirDoSeuCodigo,
com.fincatto.documentofiscal.nfe400.classes.NFProgramaEmissorTest#deveRepresentarOCodigoCorretamente,
com.fincatto.documentofiscal.nfe400.classes.NFNotaMotivoDesoneracaoICMSTest#deveRepresentarOCodigoCorretamente,
com.fincatto.documentofiscal.nfe400.classes.NFNotaInfoItemProdutoArmamentoTipoTest#deveRepresentarOCodigoCorretamente,
com.fincatto.documentofiscal.nfe400.classes.NFNotaInfoItemModalidadeBCICMSSTTest#deveRepresentarOCodigoCorretamente,
com.fincatto.documentofiscal.nfe400.classes.NFProtocoloInfoTest#deveObterStatusComoFoiSetado,
com.fincatto.documentofiscal.nfe400.classes.NFProcessoEmissorTest#deveObterVeiculoCondicaoApartirDoSeuCodigo,
com.fincatto.documentofiscal.nfe400.classes.NFNotaInfoImpostoTributacaoICMSTest#deveRepresentarOCodigoCorretamente,
com.fincatto.documentofiscal.nfe400.classes.NFProcessoEmissorTest#deveRepresentarOCodigoCorretamente,
com.fincatto.documentofiscal.nfe400.classes.NFNotaInfoCombustivelTipoTest#deveRepresentarOCodigoCorretamente,
com.fincatto.documentofiscal.nfe400.classes.NFNotaInfoItemProdutoVeiculoTipoOperacaoTest#deveObterProdutoVeiculoTipoOperacaoApartirDoSeuCodigo,
com.fincatto.documentofiscal.nfe400.classes.NFNotaInfoItemProdutoVeiculoTipoOperacaoTest#deveRepresentarOCodigoCorretamente,
com.fincatto.documentofiscal.nfe400.classes.NFProtocoloInfoTest#deveObterChaveComoFoiSetado,
com.fincatto.documentofiscal.nfe400.classes.NFProcessoEmissorTest#deveObterStringficadoCorretamente,
com.fincatto.documentofiscal.nfe400.classes.NFProtocoloInfoTest#deveFormatarDataComOuSemTimeZone,
com.fincatto.documentofiscal.nfe400.classes.NFProtocoloInfoTest#deveObterIdentificadorComoFoiSetado,
com.fincatto.documentofiscal.nfe400.classes.NFProtocoloInfoTest#deveObterVersaoAplicacaoComoFoiSetado,
com.fincatto.documentofiscal.nfe400.classes.NFProtocoloInfoTest#deveObterNumeroProtocoloComoFoiSetado,
com.fincatto.documentofiscal.nfe400.classes.NFProtocoloInfoTest#deveObterValidadorComoFoiSetado,
com.fincatto.documentofiscal.nfe400.classes.NFProtocoloInfoTest#deveObterAmbienteComoFoiSetado,
com.fincatto.documentofiscal.nfe400.classes.NFFinalidadeTest#deveObterTipoApartirDoSeuCodigo,
com.fincatto.documentofiscal.nfe400.classes.NFProtocoloInfoTest#deveObterMotivoComoFoiSetado,
com.fincatto.documentofiscal.nfe400.classes.NFFinalidadeTest#deveRepresentarOCodigoCorretamente,
com.fincatto.documentofiscal.nfe400.classes.NFAutorizador400Test#naoPodeInutilizarNotasNoSCANEmProducao,
com.fincatto.documentofiscal.nfe400.classes.NFAutorizador400Test#deveObterAsFederacoesQueSVANEhResponsavel,
com.fincatto.documentofiscal.nfe400.classes.NFProtocoloTest#deveGerarXMLDeAcordoComOPadraoEstabelecido,
com.fincatto.documentofiscal.nfe400.classes.NFAutorizador400Test#deveObterAutorizadorDeChaveDeAcessoNFe,
com.fincatto.documentofiscal.nfe400.classes.NFAutorizador400Test#deveBuscarCorretamenteURLWebServiceSVRS,
com.fincatto.documentofiscal.nfe400.classes.NFAutorizador400Test#deveBuscarCorretamenteURLWebServiceSVAN,
com.fincatto.documentofiscal.nfe400.classes.NFAutorizador400Test#deveBuscarCorretamenteURLWebServiceSCAN,
com.fincatto.documentofiscal.nfe400.classes.NFAutorizador400Test#deveBuscarCorretamenteURLsWebServiceAN,
com.fincatto.documentofiscal.nfe400.classes.NFAutorizador400Test#deveLancarExcecaoCasoTenteObterServicoIndisponivelSVAN,
com.fincatto.documentofiscal.nfe400.classes.NFAutorizador400Test#deveObterTodasAsUFsDoSVRS,
com.fincatto.documentofiscal.nfe400.classes.NFAutorizador400Test#deveBuscarCorretamenteURLsWebServiceAM,
com.fincatto.documentofiscal.nfe400.classes.NFAutorizador400Test#naoPodeConsultarCadastroNoSCANEmHomologacao,
com.fincatto.documentofiscal.nfe400.classes.NFAutorizador400Test#deveObterEmissorNormalCasoEstejaContingenciaOffline,
com.fincatto.documentofiscal.nfe400.classes.NFAutorizador400Test#deveLancarExcecaoCasoRecebaUFNaoMapeada,
com.fincatto.documentofiscal.nfe400.classes.NFAutorizador400Test#deveBuscarCorretamenteURLWebServiceGO,
com.fincatto.documentofiscal.nfe400.classes.NFAutorizador400Test#naoPodeInutilizarNotasNoSCANEmHomologacao,
com.fincatto.documentofiscal.nfe400.classes.NFAutorizador400Test#deveObterSCRSCasoEstejaEmContigencia,
com.fincatto.documentofiscal.nfe400.classes.NFAutorizador400Test#deveBuscarCorretamenteURLWebServiceCE,
com.fincatto.documentofiscal.nfe400.classes.NFAutorizador400Test#deveBuscarCorretamenteURLWebServiceMA,
com.fincatto.documentofiscal.nfe400.classes.NFAutorizador400Test#deveBuscarCorretamenteURLWebServiceMG,
com.fincatto.documentofiscal.nfe400.classes.NFAutorizador400Test#deveBuscarCorretamenteURLWebServicePR,
com.fincatto.documentofiscal.nfe400.classes.NFProtocoloInfoTest#deveGerarXMLDeAcordoComOPadraoEstabelecido,
com.fincatto.documentofiscal.nfe400.classes.NFAutorizador400Test#deveBuscarCorretamenteURLWebServiceBA,
com.fincatto.documentofiscal.nfe400.classes.NFAutorizador400Test#deveBuscarCorretamenteURLWebServicePE,
com.fincatto.documentofiscal.nfe400.classes.NFAutorizador400Test#naoDeveTerUFsAtreladaAoSCAN,
com.fincatto.documentofiscal.nfe400.classes.NFAutorizador400Test#deveBuscarCorretamenteURLWebServiceRS,
com.fincatto.documentofiscal.nfe400.classes.NFAutorizador400Test#deveBuscarCorretamenteURLWebServiceMS,
com.fincatto.documentofiscal.nfe400.classes.NFAutorizador400Test#deveBuscarCorretamenteURLWebServiceSP,
com.fincatto.documentofiscal.nfe400.classes.NFAutorizador400Test#deveBuscarCorretamenteURLWebServiceMT,
com.fincatto.documentofiscal.nfe400.classes.NFAutorizador400Test#deveObterEmissorNormalCasoEstejaContingenciaFSDA,
com.fincatto.documentofiscal.nfe400.classes.NFAutorizador400Test#deveObterAutorizadorPelaUF,
com.fincatto.documentofiscal.nfe400.classes.NFAutorizador400Test#deveObterSCANCasoEstejaEmContigencia,
com.fincatto.documentofiscal.nfe400.transformers.NFIndicadorEscalaRelevanteTransformerTest#deveTestarEscrita,
com.fincatto.documentofiscal.nfe400.classes.NFAutorizador400Test#naoPodeConsultarCadastroNoSCANEmProducao,
com.fincatto.documentofiscal.nfe400.classes.NFAutorizador400Test#deveObterEmissorNormal,
com.fincatto.documentofiscal.nfe400.classes.NFAutorizador400Test#deveObterSVCRS,
com.fincatto.documentofiscal.nfe400.classes.NFAutorizador400Test#deveObterSVCAN,
com.fincatto.documentofiscal.nfe400.converters.NFStringNullToEmptyConverterTest#deveRetornarStringVaziaCasoSejaValorNulo,
com.fincatto.documentofiscal.nfe400.transformers.NFFinalidadeTransformerTest#deveTestarLeitura,
com.fincatto.documentofiscal.nfe400.transformers.NFFinalidadeTransformerTest#deveTestarEscrita,
com.fincatto.documentofiscal.nfe400.transformers.NFIndicadorEscalaRelevanteTransformerTest#deveTestarLeitura,
com.fincatto.documentofiscal.nfe400.NotaFiscalChaveParserTest#deveObterDivisorDaChave,
com.fincatto.documentofiscal.nfe400.NotaFiscalChaveParserTest#deveObterFormaEmissaoDaChave,
com.fincatto.documentofiscal.nfe400.NotaFiscalChaveParserTest#naoDeveSerNotaEmitidaEmContigencia,
com.fincatto.documentofiscal.nfe400.NotaFiscalChaveParserTest#naoDevePermitirChaveDeTamanhoMenorMesmoComEspacos,
com.fincatto.documentofiscal.nfe400.NotaFiscalChaveParserTest#deveObterNumeroDaChave,
com.fincatto.documentofiscal.nfe400.NotaFiscalChaveParserTest#naoDevePermitirChaveDeTamanhoMaior,
com.fincatto.documentofiscal.nfe400.NotaFiscalChaveParserTest#deveFormatarChave,
com.fincatto.documentofiscal.nfe400.NotaFiscalChaveParserTest#naoDevePermitirChaveComLetras,
com.fincatto.documentofiscal.nfe400.NotaFiscalChaveParserTest#naoDevePermitirChaveDeTamanhoMenor,
com.fincatto.documentofiscal.nfe400.NotaFiscalChaveParserTest#deveObterCnpjEmitenteDaChave,
com.fincatto.documentofiscal.nfe400.NotaFiscalChaveParserTest#naoDevePermitirChaveNula,
com.fincatto.documentofiscal.nfe400.NotaFiscalChaveParserTest#deveObterCpfEmitenteDaChave,
com.fincatto.documentofiscal.nfe400.NotaFiscalChaveParserTest#deveSerNotaEmitidaEmContigencia,
com.fincatto.documentofiscal.nfe400.NotaFiscalChaveParserTest#deveObterCodigoNumericoDaChave,
com.fincatto.documentofiscal.nfe400.NotaFiscalChaveParserTest#deveObterDataDeEmissaoDaChave,
com.fincatto.documentofiscal.utils.DFUtilsTest#isCPFValido,
com.fincatto.documentofiscal.utils.DFUtilsTest#isCNPJValido,
com.fincatto.documentofiscal.cte300.classes.nota.CTeNotaInfoDadosComplementaresFluxoTest#deveTerEntre1e15Caracteres,
com.fincatto.documentofiscal.cte300.classes.nota.CTeNotaInfoDadosComplementaresEntregaComHoraDefinidaTest#deveSerTipoPrazoEntregaComHoraDefinida,
com.fincatto.documentofiscal.cte300.classes.nota.CTeNotaInfoDadosComplementaresObservacaoContribuinteTest#deveTerAte20caracteres,
com.fincatto.documentofiscal.cte300.classes.nota.CTeNotaInfoDadosComplementaresEntregaPeriodoTest#deveSerTipoPrazoEntregaPeriodo,
com.fincatto.documentofiscal.cte300.classes.nota.CTeNotaInfoDadosComplementaresEntregaSemHoraDefinidaTest#deveSerTipoPrazoEntregaSemHoraDefinida,
com.fincatto.documentofiscal.cte300.classes.nota.CTeNotaInfoDadosComplementaresEntregaIntervaloTest#deveSerTipoIntervaloTempo,
com.fincatto.documentofiscal.utils.DFPersisterTest#deveLancarExcecaoCasoRecebaUmaStringInvalida,
com.fincatto.documentofiscal.cte300.classes.nota.CTeNotaInfoDadosComplementaresObservacaoContribuinteTest#deveTerAte160caracteres,
com.fincatto.documentofiscal.utils.DFPersisterTest#deveLancarExcecaoCasoRecebaUmArquivoInvalido,
com.fincatto.documentofiscal.cte300.classes.nota.CTeNotaInfoDadosComplementaresFluxoPassTest#deveTerEntre1e15Caracteres,
com.fincatto.documentofiscal.cte300.classes.nota.CTeNotaInfoDadosComplementaresObservacaoContribuinteTest#deveSetarCampoCorretamente,
com.fincatto.documentofiscal.cte300.classes.nota.CTeNotaInfoDadosComplementaresFluxoPassTest#naoDeveTerMaisQue15Caracteres,
com.fincatto.documentofiscal.cte300.classes.nota.CTeNotaInfoDadosComplementaresEntregaSemDataDefinidaTest#deveSerTipoPrazoEntregaSemDataDefinida,
com.fincatto.documentofiscal.utils.DFPersisterTest#deveInstanciarObjetosDFPersisterCorretamenteUsandoConstrutores,
com.fincatto.documentofiscal.cte300.classes.nota.CTeNotaInfoDadosComplementaresObservacaoFiscoTest#deveTerAte20caracteres,
com.fincatto.documentofiscal.cte300.classes.nota.CTeNotaInfoDadosComplementaresEntregaComDataDefinidaTest#testa,
com.fincatto.documentofiscal.cte300.classes.nota.CTeNotaInfoDadosComplementaresObservacaoFiscoTest#deveTerAte60caracteres,
com.fincatto.documentofiscal.cte300.classes.CTClasseTarifaTest#deveRepresentarOCodigoCorretamente,
com.fincatto.documentofiscal.utils.DFPersisterTest#deveParsearCorretamenteArquivoDoNFEnviaEventoInutilizacao,
com.fincatto.documentofiscal.utils.DFPersisterTest#deveParsearCorretamenteArquivoDoNFEnviaEventoCartaCorrecao,
com.fincatto.documentofiscal.cte300.classes.nota.CTeNotaInfoDadosComplementaresObservacaoFiscoTest#deveSetarCampoCorretamente,
com.fincatto.documentofiscal.cte300.classes.CTInformacoesManuseioTest#deveRepresentarOCodigoCorretamente,
com.fincatto.documentofiscal.cte300.classes.CTCodigoSituacaoTributariaICMSTest#deveRepresentarOCodigoCorretamente,
com.fincatto.documentofiscal.utils.DFPersisterTest#deveParsearCorretamenteUmXMLDoNFEnviaEventoCartaCorrecao,
com.fincatto.documentofiscal.cte300.classes.nota.CTeNotaInfoDadosComplementaresEntregaComHoraDefinidaTest#deveGerarXmlCorreto,
com.fincatto.documentofiscal.utils.DFPersisterTest#deveParsearCorretamenteUmXMLDaNotaProcessada310,
com.fincatto.documentofiscal.transformers.DFAmbienteTransformerTest#deveTestarLeitura,
com.fincatto.documentofiscal.cte300.classes.CTModeloNFTest#deveRepresentarOCodigoCorretamente,
com.fincatto.documentofiscal.utils.DFPersisterTest#deveParsearCorretamenteArquivoDaNotaProcessada310,
com.fincatto.documentofiscal.utils.DFPersisterTest#deveParsearCorretamenteArquivoDoNFEnviaEventoCancelamento,
com.fincatto.documentofiscal.cte300.classes.nota.CTeNotaInfoDadosComplementaresEntregaPeriodoTest#deveGerarXmlCorreto,
com.fincatto.documentofiscal.utils.DFPersisterTest#deveParsearCorretamenteUmXMLDoNFEnviaEventoCancelamento,
com.fincatto.documentofiscal.cte300.classes.nota.CTeNotaInfoDadosComplementaresEntregaComHoraDefinidaTest#deveSerTipoPrazoEntregaSemHoraProgramada,
com.fincatto.documentofiscal.utils.DFPersisterTest#deveParsearCorretamenteArquivoDaNota310,
com.fincatto.documentofiscal.utils.DFPersisterTest#deveParsearCorretamenteUmXMLDoNFEnviaEventoInutilizacao,
com.fincatto.documentofiscal.cte300.classes.nota.CTeNotaInfoDadosComplementaresFluxoTest#deveGerarXmlCorreto,
com.fincatto.documentofiscal.cte300.classes.nota.CTeNotaInfoDadosComplementaresObservacaoContribuinteTest#deveTerInformacoes,
com.fincatto.documentofiscal.cte300.classes.nota.CTeNotaInfoDadosComplementaresEntregaIntervaloTest#deveGerarXmlCorreto,
com.fincatto.documentofiscal.cte300.classes.nota.CTeNotaInfoDadosComplementaresEntregaSemHoraDefinidaTest#deveGerarXmlCorreto,
com.fincatto.documentofiscal.cte300.classes.nota.CTeNotaInfoDadosComplementaresObservacaoContribuinteTest#deveGerarXmlCorreto,
com.fincatto.documentofiscal.cte300.classes.CTTipoDocumentoTest#deveRepresentarOCodigoCorretamente,
com.fincatto.documentofiscal.utils.DFPersisterTest#deveLancarExcecaoXMLDaNota400SemModoEstritoComTagAdicionasDeFuturasNormasTecnicas,
com.fincatto.documentofiscal.utils.DFPersisterTest#deveParsearCorretamenteUmXMLDaNota310,
com.fincatto.documentofiscal.cte300.classes.nota.CTeNotaInfoIdentificacaoTest#deveGerarXMLCorretamente,
com.fincatto.documentofiscal.cte300.classes.CTUnidadeMedidaTest#deveRepresentarOCodigoCorretamente,
com.fincatto.documentofiscal.utils.DFPersisterTest#deveParsearXMLDaNota400ModoEstritoComTagAdicionasDeFuturasNormasTecnicas,
com.fincatto.documentofiscal.cte300.classes.nota.CTeNotaInfoDadosComplementaresFluxoPassTest#deveGerarXmlCorreto,
com.fincatto.documentofiscal.cte300.classes.nota.CTeNotaInfoDadosComplementaresEntregaComDataDefinidaTest#deveDarErroAoNaoInformarData,
com.fincatto.documentofiscal.cte300.classes.nota.CTeNotaInfoDadosComplementaresEntregaSemDataDefinidaTest#deveGerarXmlCorreto,
com.fincatto.documentofiscal.cte300.classes.CTTipoServicoTest#deveRepresentarOCodigoCorretamente,
com.fincatto.documentofiscal.cte300.classes.CTTipoPrazoHoraEntregaTest#deveRepresentarOCodigoCorretamente,
com.fincatto.documentofiscal.cte300.classes.CTTipoUnidadeCargaTest#deveRepresentarOCodigoCorretamente,
com.fincatto.documentofiscal.cte300.classes.CTTipoImpressaoTest#deveRepresentarOCodigoCorretamente,
com.fincatto.documentofiscal.cte300.classes.nota.CTeNotaInfoTest#deveGerarXMLCorretamente,
com.fincatto.documentofiscal.cte300.classes.CTTipoTrafegoTest#deveRepresentarOCodigoCorretamente,
com.fincatto.documentofiscal.cte300.classes.CTAutorizador31Test#deveBuscarCorretamenteURLsWebServiceMG,
com.fincatto.documentofiscal.cte300.classes.CTAutorizador31Test#deveBuscarCorretamenteURLsWebServiceMT,
com.fincatto.documentofiscal.cte300.classes.CTAutorizador31Test#deveBuscarCorretamenteURLsWebServiceMS,
com.fincatto.documentofiscal.cte300.classes.nota.CTeNotaInfoDadosComplementaresObservacaoFiscoTest#deveGerarXmlCorreto,
com.fincatto.documentofiscal.cte300.classes.nota.CTeNotaInfoDadosComplementaresEntregaComDataDefinidaTest#deveGerarXmlCorreto,
com.fincatto.documentofiscal.cte300.classes.CTAutorizador31Test#deveBuscarCorretamenteURLsWebServicePR,
com.fincatto.documentofiscal.cte300.classes.CTAutorizador31Test#deveBuscarCorretamenteURLsWebServiceRS,
com.fincatto.documentofiscal.cte300.classes.CTAutorizador31Test#deveBuscarCorretamenteURLsWebServiceSP,
com.fincatto.documentofiscal.cte300.classes.CTAutorizador31Test#deveBuscarCorretamenteURLsWebServiceSVSP,
com.fincatto.documentofiscal.cte300.classes.CTTipoDirecaoTest#deveRepresentarOCodigoCorretamente,
com.fincatto.documentofiscal.cte300.classes.CTIndicadoNegociavelTest#deveRepresentarOCodigoCorretamente,
com.fincatto.documentofiscal.cte300.classes.CTAutorizador31Test#deveBuscarCorretamenteURLsWebServiceSVRS,
com.fincatto.documentofiscal.cte300.classes.CTModalTest#deveRepresentarOCodigoCorretamente,
com.fincatto.documentofiscal.cte300.classes.nota.CTeNotaInfoCTeNormalInfoDocumentosInfoNFeTest#deveGerarXMLCorretamente,
com.fincatto.documentofiscal.cte300.classes.CTIndicadorTomadorTest#deveRepresentarOCodigoCorretamente,
com.fincatto.documentofiscal.cte300.classes.CTTipoEmissaoTest#deveRepresentarOCodigoCorretamente,
com.fincatto.documentofiscal.cte300.classes.CTProcessoEmissaoTest#deveRepresentarOCodigoCorretamente,
com.fincatto.documentofiscal.cte300.classes.CTRetiradaTest#deveRepresentarOCodigoCorretamente,
com.fincatto.documentofiscal.cte300.classes.CTUnidadeMedidaProdPerigososTest#deveRepresentarOCodigoCorretamente,
com.fincatto.documentofiscal.cte300.classes.CTFinalidadeTest#deveRepresentarOCodigoCorretamente,
com.fincatto.documentofiscal.cte300.classes.CTTipoDocumentoTransporteAnteriorTest#deveRepresentarOCodigoCorretamente,
com.fincatto.documentofiscal.cte300.classes.CTTipoPrazoDataEntregaTest#deveRepresentarOCodigoCorretamente,
com.fincatto.documentofiscal.cte300.classes.CTTipoUnidadeTransporteTest#deveRepresentarOCodigoCorretamente,
com.fincatto.documentofiscal.cte200.classes.CTTipoCteTest#deveRepresentarOCodigoCorretamente,
com.fincatto.documentofiscal.cte300.classes.CTTipoFerroviaTest#deveRepresentarOCodigoCorretamente,
com.fincatto.documentofiscal.cte200.classes.CTTipoUnidadeCargaTest#deveRepresentarOCodigoCorretamente,
com.fincatto.documentofiscal.cte300.classes.CTTomadorServicoTest#deveRepresentarOCodigoCorretamente,
com.fincatto.documentofiscal.cte200.classes.CTResponsavelSeguroTest#deveRepresentarOCodigoCorretamente,
com.fincatto.documentofiscal.cte300.CTeConfigTest#testaParametrosPadrao,
com.fincatto.documentofiscal.transformers.DFModeloTransformerTest#deveTestarEscrita,
com.fincatto.documentofiscal.cte200.classes.CTTipoUnidadeTransporteTest#deveRepresentarOCodigoCorretamente,
com.fincatto.documentofiscal.cte200.classes.CTTomadorServicoTest#deveRepresentarOCodigoCorretamente,
com.fincatto.documentofiscal.cte200.classes.CTTipoServicoTest#deveRepresentarOCodigoCorretamente,
com.fincatto.documentofiscal.cte200.classes.CTTipoDocumentoOutroTest#deveRepresentarOCodigoCorretamente,
com.fincatto.documentofiscal.cte200.classes.CTTipoDocumentoTransporteAnteriorTest#deveRepresentarOCodigoCorretamente,
com.fincatto.documentofiscal.validadores.DFBigIntegerValidadorTest#devePermitirTamanhoDentroDe12Campos,
com.fincatto.documentofiscal.cte200.classes.CTUnidadeMedidaTest#deveRepresentarOCodigoCorretamente,
com.fincatto.documentofiscal.validadores.DFBigIntegerValidadorTest#devePermitirTamanhoDentroDe11Campos,
com.fincatto.documentofiscal.cte200.classes.CTTipoEmissaoTest#deveRepresentarOCodigoCorretamente,
com.fincatto.documentofiscal.cte200.classes.CTModalTest#deveRepresentarOCodigoCorretamente,
com.fincatto.documentofiscal.cte200.classes.CTTipoEntregaDataTest#deveRepresentarOCodigoCorretamente,
com.fincatto.documentofiscal.cte200.classes.CTFormaPagamentoTest#deveRepresentarOCodigoCorretamente,
com.fincatto.documentofiscal.cte200.classes.CTRetiraMercadoriaTest#deveRepresentarOCodigoCorretamente,
com.fincatto.documentofiscal.cte200.classes.CTTipoEntregaHorarioTest#deveRepresentarOCodigoCorretamente,
com.fincatto.documentofiscal.cte200.classes.CTTipoImpressaoTest#deveRepresentarOCodigoCorretamente,
com.fincatto.documentofiscal.cte200.classes.CTIdentificadorEmissorTest#deveRepresentarOCodigoCorretamente,
com.fincatto.documentofiscal.validadores.DFBigIntegerValidadorTest#naoDevePermitirTamanhoMaiorQue11,
com.fincatto.documentofiscal.validadores.DFBigIntegerValidadorTest#naoDevePermitirTamanhoMaiorQue12,
com.fincatto.documentofiscal.validadores.DFListValidadorTest#deveValidarListaCom31ItensObrigatorio,
com.fincatto.documentofiscal.validadores.DFListValidadorTest#deveLancarExcecaoCasoExtrapoleTamanho10,
com.fincatto.documentofiscal.validadores.DFListValidadorTest#deveValidarTamanhoDasListas,
com.fincatto.documentofiscal.validadores.DFListValidadorTest#deveLancarExcecaoCasoEstejaForaDoIntervalo,
com.fincatto.documentofiscal.validadores.DFListValidadorTest#deveValidarListaCom10Itens,
com.fincatto.documentofiscal.validadores.DFListValidadorTest#deveValidarListaCom120Itens,
com.fincatto.documentofiscal.validadores.DFListValidadorTest#deveLancarExcecaoCasoExtrapoleTamanho120,
com.fincatto.documentofiscal.validadores.DFBigDecimalValidadorTest#tamanho15Com2CasasDecimais,
com.fincatto.documentofiscal.validadores.DFBigDecimalValidadorTest#tamanho15ComAte6CasasDecimais,
com.fincatto.documentofiscal.validadores.DFBigDecimalValidadorTest#naoDevePermitirExtrapolacaoDeCasasDecimais,
com.fincatto.documentofiscal.validadores.DFBigDecimalValidadorTest#tamanho15comAte4CasasDecimais,
com.fincatto.documentofiscal.validadores.DFBigDecimalValidadorTest#validaTamanhoErro,
com.fincatto.documentofiscal.DFPaisTest#deveRetornarPorCodigo,
com.fincatto.documentofiscal.validadores.DFBigDecimalValidadorTest#tamanho16ComAte4CasasDecimais,
com.fincatto.documentofiscal.validadores.DFBigDecimalValidadorTest#tamanho13Com2CasasDecimais,
com.fincatto.documentofiscal.validadores.DFBigDecimalValidadorTest#naoDevePermitirExtrapolacaoPor15CaracteresCom3CasasDecimais,
com.fincatto.documentofiscal.validadores.DFBigDecimalValidadorTest#tamanho16Com4CasasDecimais,
com.fincatto.documentofiscal.validadores.DFBigDecimalValidadorTest#tamanho9Com4CasasDecimais,
com.fincatto.documentofiscal.validadores.DFBigDecimalValidadorTest#naoDevePermitirExtrapolar21Caracteres,
com.fincatto.documentofiscal.validadores.DFBigDecimalValidadorTest#tamanho5Com2CasasDecimais,
com.fincatto.documentofiscal.validadores.DFBigDecimalValidadorTest#naoDevePermitirExtrapolacaoPor15CaracteresCom2CasasDecimais,
com.fincatto.documentofiscal.validadores.DFBigDecimalValidadorTest#tamanho21ComAte10CasasDecimais,
com.fincatto.documentofiscal.validadores.DFIntegerValidadorTest#deveValidarCasoValorSejaExatamente7,
com.fincatto.documentofiscal.validadores.DFIntegerValidadorTest#deveValidarCasoValorParaTamanho7EstejaValido,
com.fincatto.documentofiscal.validadores.DFIntegerValidadorTest#deveValidarTamanhoExatamente,
com.fincatto.documentofiscal.validadores.DFBigDecimalValidadorTest#tamanho7ComAte4CasasDecimais,
com.fincatto.documentofiscal.validadores.DFBigDecimalValidadorTest#validaTamanho,
com.fincatto.documentofiscal.validadores.DFIntegerValidadorTest#deveLancarExcecaoCasoValorParaTamanho4SejaInvalido,
com.fincatto.documentofiscal.validadores.DFBigDecimalValidadorTest#naoDevePermitirExtrapolacaoDeInteiros,
com.fincatto.documentofiscal.validadores.DFIntegerValidadorTest#deveValidarCasoValorParaTamanho4EstejaValido,
com.fincatto.documentofiscal.validadores.DFStringValidadorTest#deveValidarIdentificador,
com.fincatto.documentofiscal.validadores.DFIntegerValidadorTest#deveValidarTamanho,
com.fincatto.documentofiscal.validadores.DFBigDecimalValidadorTest#tamanho4Com2CasasDecimais,
com.fincatto.documentofiscal.validadores.DFStringValidadorTest#deveValidarDataPadraoBrasileiro,
com.fincatto.documentofiscal.validadores.DFIntegerValidadorTest#deveLancarExcecaoCasoValorParaTamanho7SejaInvalido,
com.fincatto.documentofiscal.validadores.DFBigDecimalValidadorTest#tamanho11Com3CasasDecimais,
com.fincatto.documentofiscal.validadores.DFBigDecimalValidadorTest#tamanho15Com4CasasDecimais,
com.fincatto.documentofiscal.validadores.DFBigDecimalValidadorTest#tamanho15Com3CasasDecimais,
com.fincatto.documentofiscal.validadores.DFStringValidadorTest#devePermitirNCMFormatoValido,
com.fincatto.documentofiscal.validadores.DFStringValidadorTest#deveValidarCodigoDeBarrasValido,
com.fincatto.documentofiscal.validadores.DFStringValidadorTest#naoDevePermitirModeloDocumentoFiscalDiferente,
com.fincatto.documentofiscal.validadores.DFStringValidadorTest#deveValidarModeloDocumentoFiscal,
com.fincatto.documentofiscal.validadores.DFStringValidadorTest#deveValidarItemListaServico,
com.fincatto.documentofiscal.validadores.DFStringValidadorTest#naoDevePermitirItemListaServicoIncorreto,
com.fincatto.documentofiscal.validadores.DFStringValidadorTest#naoDevePermitirCodigoDeBarrasComValorInvalido,
com.fincatto.documentofiscal.validadores.DFStringValidadorTest#naoDeveValidarPlacaDeVeiculoCasoNaoPossua6ou7CaracteresInfo,
com.fincatto.documentofiscal.validadores.DFStringValidadorTest#deveLancarExcecaoDataPadraoAnoMesComBarra,
com.fincatto.documentofiscal.validadores.DFStringValidadorTest#deveLancarExcecaoEmail,
com.fincatto.documentofiscal.validadores.DFStringValidadorTest#deveLancarExcecaoCasoEstejaSemCaracterSeparador,
com.fincatto.documentofiscal.validadores.DFStringValidadorTest#naoDevePermitirNVEComTamanhoIncorreto,
com.fincatto.documentofiscal.validadores.DFStringValidadorTest#deveLancarExcecaoTelefone,
com.fincatto.documentofiscal.validadores.DFStringValidadorTest#deveLancarExcecaoCasoEstejaPadraoAmericano,
com.fincatto.documentofiscal.validadores.DFStringValidadorTest#naoDeveValidarInscricaoEstadualSemIsencaoInfoCasoNaoEstejaNoTamanho,
com.fincatto.documentofiscal.validadores.DFStringValidadorTest#naoDeveValidarInscricaoEstadualSemIsencaoCasoNaoEstejaNoTamanho,
com.fincatto.documentofiscal.validadores.DFStringValidadorTest#naoDeveValidarCNPJCasoNaoPossua14CaracteresInfo,
com.fincatto.documentofiscal.validadores.DFStringValidadorTest#taraError,
com.fincatto.documentofiscal.validadores.DFStringValidadorTest#deveLancarExcecaoTelefoneComInfo,
com.fincatto.documentofiscal.validadores.DFStringValidadorTest#deveValidarPlacaDeVeiculo,
com.fincatto.documentofiscal.validadores.DFStringValidadorTest#naoDeveValidarInscricaoEstadualCasoEstejaForaDoPadrao,
com.fincatto.documentofiscal.validadores.DFStringValidadorTest#naoDevePermitirIdentificadorDiferenteDoPadrao,
com.fincatto.documentofiscal.validadores.DFStringValidadorTest#naoDeveValidarPlacaDeVeiculoCasoNaoPossua6ou7Caracteres,
com.fincatto.documentofiscal.validadores.DFStringValidadorTest#naoDeveValidarInscricaoEstadualCasoNaoEstejaNoTamanho,
com.fincatto.documentofiscal.validadores.DFStringValidadorTest#naoDevePermitirNCMForaDoLimite2Posicoes,
com.fincatto.documentofiscal.validadores.DFStringValidadorTest#stringEquals,
com.fincatto.documentofiscal.validadores.DFStringValidadorTest#tara,
com.fincatto.documentofiscal.validadores.DFStringValidadorTest#email,
com.fincatto.documentofiscal.validadores.DFStringValidadorTest#naoDeveValidarCNPJCasoNaoPossua14Caracteres,
com.fincatto.documentofiscal.validadores.DFStringValidadorTest#deveValidarNVE,
com.fincatto.documentofiscal.validadores.DFStringValidadorTest#deveValidarEmail,
com.fincatto.documentofiscal.validadores.DFStringValidadorTest#deveValidarTelefone,
com.fincatto.documentofiscal.validadores.DFStringValidadorTest#deveValidarFCI,
com.fincatto.documentofiscal.validadores.DFStringValidadorTest#deveLancarExcecaoCasoEstejaForaDoIntervalo20,
com.fincatto.documentofiscal.validadores.DFStringValidadorTest#stringNotEquals,
com.fincatto.documentofiscal.validadores.DFStringValidadorTest#deveValidarDataPadraoAnoMes,
com.fincatto.documentofiscal.validadores.DFStringValidadorTest#deveValidarTamanhoDeStringCasoEstejaDentroIntervalo60,
com.fincatto.documentofiscal.validadores.DFStringValidadorTest#deveValidarTamanhoDeStringCasoEstejaDentroDoIntervalo,
com.fincatto.documentofiscal.validadores.DFStringValidadorTest#deveLancarExcecaoEmailInfo,
com.fincatto.documentofiscal.validadores.DFStringValidadorTest#deveValidarCNPJ,
com.fincatto.documentofiscal.validadores.DFStringValidadorTest#deveLancarExcecaoCasoEstejaForaDoIntervalo22,
com.fincatto.documentofiscal.validadores.DFStringValidadorTest#deveLancarExcecaoCasoEstejaForaDoIntervalo60,
com.fincatto.documentofiscal.validadores.DFStringValidadorTest#naoDeveValidarCPFCasoNaoPossua11Caracteres,
com.fincatto.documentofiscal.validadores.DFStringValidadorTest#naoDevePermitirExtrapolarTamanho2ou3N,
com.fincatto.documentofiscal.validadores.DFStringValidadorTest#naoDevePermitirFCIComTamanhoIncorreto,
com.fincatto.documentofiscal.validadores.DFStringValidadorTest#deveValidarTamanhoExato,
com.fincatto.documentofiscal.validadores.DFStringValidadorTest#deveValidarTamanhoDeString,
com.fincatto.documentofiscal.validadores.DFStringValidadorTest#naoDevePermitirNaoNumerosParaTamanho2ou3N,
com.fincatto.documentofiscal.validadores.DFStringValidadorTest#deveValidarInscricaoEstadualCasoEstejaNoPadrao,
com.fincatto.documentofiscal.validadores.DFStringValidadorTest#deveValidarTamanho2ou3N,
com.fincatto.documentofiscal.validadores.DFStringValidadorTest#naoDevePermitirNCMForaDoLimite8Posicoes,
com.fincatto.documentofiscal.transformers.DFLocalDateTimeTransformerTest#deveTransformarDataStringEmLocalDateTime,
com.fincatto.documentofiscal.transformers.DFLocalDateTimeTransformerTest#deveTransformarLocalDateTimeEmString,
com.fincatto.documentofiscal.validadores.DFStringValidadorTest#emailError,
com.fincatto.documentofiscal.transformers.DFDateTimeTransformerTest#deveTestarLeitura,
com.fincatto.documentofiscal.validadores.DFStringValidadorTest#naoDeveValidarCPFCasoNaoPossua11CaracteresInfo,
com.fincatto.documentofiscal.transformers.DFLocalTimeTransformerTest#deveTransformarLocalTimeEmString,
com.fincatto.documentofiscal.transformers.DFLocalTimeTransformerTest#deveTransformarTimeStringEmLocalTime,
com.fincatto.documentofiscal.transformers.DFDateTransformerTest#deveTestarEscrita,
com.fincatto.documentofiscal.transformers.DFDateTimeTransformerTest#deveTestarEscrita,
com.fincatto.documentofiscal.transformers.DFDateTransformerTest#deveTestarLeitura,
com.fincatto.documentofiscal.transformers.DFPaisTransformerTest#deveTestarLeitura,
com.fincatto.documentofiscal.validadores.DFStringValidadorTest#validadorStrings,
com.fincatto.documentofiscal.transformers.DFPaisTransformerTest#deveTestarEscrita,
com.fincatto.documentofiscal.transformers.DFZonedDateTimeTransformerTest#deveTransformarZonedDateTimeEmString,
com.fincatto.documentofiscal.transformers.DFZonedDateTimeTransformerTest#deveTransformarDataStringEmZonedDateTime,
com.fincatto.documentofiscal.transformers.DFModeloTransformerTest#deveTestarLeitura,
com.fincatto.documentofiscal.transformers.DFLocalDateTransformerTest#deveTransformarLocalDateEmString,
com.fincatto.documentofiscal.transformers.DFUnidadeFederativaTransformerTest#deveTestarEscrita,
com.fincatto.documentofiscal.transformers.DFAmbienteTransformerTest#deveTestarEscrita,
com.fincatto.documentofiscal.transformers.DFLocalDateTransformerTest#deveTransformarDataStringEmLocalDate,
com.fincatto.documentofiscal.transformers.DFUnidadeFederativaTransformerTest#deveTestarLeitura,
com.fincatto.documentofiscal.cte.classes.distribuicao.CTDistribuicaoConsultaNSUTest#deveGerarNSU,
com.fincatto.documentofiscal.mdfe3.MDFeConfigTest#testaParametrosPadrao,
com.fincatto.documentofiscal.nfe.classes.distribuicao.NFDistribuicaoConsultaNSUTest#deveGerarConsultaComNSU,
com.fincatto.documentofiscal.nfe.classes.distribuicao.NFDistribuicaoIntTest#deveGerarVersao100,
com.fincatto.documentofiscal.nfe.classes.distribuicao.NFDistribuicaoNSUTest#deveEnviarUltimoNSU,
com.fincatto.documentofiscal.nfe.classes.distribuicao.NFDistribuicaoConsultaChaveAcessoTest#deveSerChaveAcessoCorreta,
com.fincatto.documentofiscal.nfe.classes.distribuicao.NFDistribuicaoIntTest#deveGerarAmbienteHomologacao,
com.fincatto.documentofiscal.nfe.classes.distribuicao.NFDistribuicaoDocumentoZipTest#deveInformarValue,
com.fincatto.documentofiscal.nfe.classes.distribuicao.NFDistribuicaoDocumentoZipTest#deveInformarSchema,
com.fincatto.documentofiscal.nfe.classes.distribuicao.NFDistribuicaoDocumentoZipTest#deveInformarNSU,
com.fincatto.documentofiscal.DFConfigTest#testaTimeZoneNY,
com.fincatto.documentofiscal.nfe.NFTipoEmissaoTest#deveRepresentarOCodigoCorretamente,
com.fincatto.documentofiscal.nfe.classes.distribuicao.NFDistribuicaoDFeLoteTest#deveTerMaisDeUm,
com.fincatto.documentofiscal.nfe.NFTipoEmissaoTest#deveRetornarStringficadoCorretamente,
com.fincatto.documentofiscal.nfe.NFTipoEmissaoTest#deveObterPeloCodigoCorretamente,
com.fincatto.documentofiscal.nfe.NFTipoEmissaoTest#deveRetornarNuloCasoNaoExistaCodigo,
com.fincatto.documentofiscal.DFConfigTest#testaTimeZoneSP,
com.fincatto.documentofiscal.DFAmbienteTest#deveObterStringficadoCorretamente,
com.fincatto.documentofiscal.DFAmbienteTest#deveRepresentarOCodigoCorretamente,
com.fincatto.documentofiscal.DFConfigTest#testaTimeoutRequisicaoEmMillis,
com.fincatto.documentofiscal.nfe.NFeConfigTest#testaParametrosPadrao,
com.fincatto.documentofiscal.DFConfigTest#testaDefaults,
com.fincatto.documentofiscal.DFModeloTest#deveObterStringficadoCorretamente,
com.fincatto.documentofiscal.DFModeloTest#deveObterAtravesDoCodigo,
com.fincatto.documentofiscal.DFModeloTest#deveRepresentarOCodigoCorretamente,
com.fincatto.documentofiscal.cte.classes.distribuicao.CTDistribuicaoIntRetornoTest#deveGerarXMLDeAcordoComOPadraoEstabelecido,
com.fincatto.documentofiscal.cte.classes.distribuicao.CTDistribuicaoIntRetornoTest#deveLerXMLDeAcordoComOPadraoEstabelecido,
com.fincatto.documentofiscal.DFPaisTest#deveRetornarNullCasoTenteBuscarUmCodigoErrado,
com.fincatto.documentofiscal.cte.classes.distribuicao.CTDistribuicaoConsultaNSUTest#deveLerXMLDeAcordoComOPadraoEstabelecido,
com.fincatto.documentofiscal.cte.classes.distribuicao.CTDistribuicaoIntTest#deveGerarXMLDeAcordoComOPadraoEstabelecido,
com.fincatto.documentofiscal.nfe.classes.distribuicao.NFDistribuicaoNSUTest#deveGerarXmlCorretamente,
com.fincatto.documentofiscal.DFPaisTest#deveSerADescricaoAoInvocarToString,
com.fincatto.documentofiscal.DFPaisTest#deveRepresentarOCodigoCorretamente,
com.fincatto.documentofiscal.DFPaisTest#deveRetornarListaAoPesquisarPorNome,
com.fincatto.documentofiscal.nfe.classes.distribuicao.NFDistribuicaoConsultaNSUTest#deveGerarXmlCorretamente,
com.fincatto.documentofiscal.DFUnidadeFederativaTest#deveObterAtravesDaSiglaAUF,
com.fincatto.documentofiscal.DFUnidadeFederativaTest#deveLancarExcecaoCasoTenteBuscarUmCodigoErrado,
com.fincatto.documentofiscal.nfe.classes.distribuicao.NFDistribuicaoNSUTest#deveGerarErroAoNaoInformarONSU,
com.fincatto.documentofiscal.DFUnidadeFederativaTest#deveSerADescricaoAoInvocaarToString,
com.fincatto.documentofiscal.DFUnidadeFederativaTest#deveRepresentarOCodigoCorretamente,
com.fincatto.documentofiscal.mdfe3.classes.nota.MDFInfoIdentificacaoTest#deveGerarXMLDeAcordoComOPadraoEstabelecido,
com.fincatto.documentofiscal.mdfe3.classes.nota.MDFInfoSeguroTest#deveGerarXMLDeAcordoComOPadraoEstabelecido,
com.fincatto.documentofiscal.nfe.classes.distribuicao.NFDistribuicaoIntTest#deveGerarXmlCorretamente,
com.fincatto.documentofiscal.nfe.classes.distribuicao.NFDistribuicaoConsultaChaveAcessoTest#deveGerarXmlCorretamente,
com.fincatto.documentofiscal.mdfe3.classes.nota.MDFProcessadoTest#deveValidarMDFeProcessado,
com.fincatto.documentofiscal.nfe.classes.distribuicao.NFDistribuicaoIntTest#naoDeveAceitarVersaoNula,
com.fincatto.documentofiscal.nfe.classes.distribuicao.NFDistribuicaoDFeLoteTest#deveGerarXmlCorretamente,
com.fincatto.documentofiscal.mdfe3.classes.nota.MDFProcessadoTest#deveGerarXMLDeAcordoComOPadraoEstabelecido,
com.fincatto.documentofiscal.nfe.classes.distribuicao.NFDistribuicaoIntRetornoTest#deveInformarAVersao,
com.fincatto.documentofiscal.nfe.classes.distribuicao.NFDistribuicaoIntRetornoTest#deveGerarXmlCorretamente,
com.fincatto.documentofiscal.nfe.classes.distribuicao.NFDistribuicaoDocumentoZipTest#deveGerarXmlCorretamente,
